path,label,source_split,fold
/home/dudalypas/projects/DudaRims/PROD_cropped/train/Alaris/Alaris_12.jpg,Alaris,train,0
/home/dudalypas/projects/DudaRims/PROD_cropped/train/Alaris/bfbb3es-1920.jpg,Alaris,train,1
/home/dudalypas/projects/DudaRims/PROD_cropped/val/Alaris/train_Alaris_0058.jpg,Alaris,val,2
/home/dudalypas/projects/DudaRims/PROD_cropped/train/Alaris/73c2be6s-960.jpg,Alaris,train,0
/home/dudalypas/projects/DudaRims/PROD_cropped/train/Alaris/g6tKIQMTOQg-d0Le0ycc5MWODgs-960.jpg,Alaris,train,1
/home/dudalypas/projects/DudaRims/PROD_cropped/train/Alaris/train_Alaris_0049.jpg,Alaris,train,2
/home/dudalypas/projects/DudaRims/PROD_cropped/train/Alaris/1200x900.jpg,Alaris,train,0
/home/dudalypas/projects/DudaRims/PROD_cropped/val/Alaris/train_Alaris_0051.jpg,Alaris,val,1
/home/dudalypas/projects/DudaRims/PROD_cropped/train/Alaris/train_Alaris_0050.jpg,Alaris,train,2
/home/dudalypas/projects/DudaRims/PROD_cropped/train/Alaris/train_Alaris_0016.jpg,Alaris,train,0
/home/dudalypas/projects/DudaRims/PROD_cropped/train/Alaris/val_Alaris_0014.jpg,Alaris,train,1
/home/dudalypas/projects/DudaRims/PROD_cropped/train/Alaris/Alaris_22.jpg,Alaris,train,2
/home/dudalypas/projects/DudaRims/PROD_cropped/train/Alaris/Alaris_1.jpg,Alaris,train,0
/home/dudalypas/projects/DudaRims/PROD_cropped/train/Alaris/val_Alaris_0013.jpg,Alaris,train,1
/home/dudalypas/projects/DudaRims/PROD_cropped/val/Alaris/Alaris_68.jpg,Alaris,val,2
/home/dudalypas/projects/DudaRims/PROD_cropped/train/Alaris/Alaris_66.jpg,Alaris,train,0
/home/dudalypas/projects/DudaRims/PROD_cropped/train/Alaris/Alaris_35.jpg,Alaris,train,1
/home/dudalypas/projects/DudaRims/PROD_cropped/train/Alaris/Alaris_20.jpg,Alaris,train,2
/home/dudalypas/projects/DudaRims/PROD_cropped/train/Alaris/Alaris_23.jpg,Alaris,train,0
/home/dudalypas/projects/DudaRims/PROD_cropped/train/Alaris/train_Alaris_0055.jpg,Alaris,train,1
/home/dudalypas/projects/DudaRims/PROD_cropped/train/Alaris/fd447f2s-960.jpg,Alaris,train,2
/home/dudalypas/projects/DudaRims/PROD_cropped/train/Alaris/train_Alaris_0009.jpg,Alaris,train,0
/home/dudalypas/projects/DudaRims/PROD_cropped/val/Alaris/48AAAgFoLuA-1920.jpg,Alaris,val,1
/home/dudalypas/projects/DudaRims/PROD_cropped/train/Alaris/Alaris_75.jpg,Alaris,train,2
/home/dudalypas/projects/DudaRims/PROD_cropped/val/Alaris/Alaris_11.jpg,Alaris,val,0
/home/dudalypas/projects/DudaRims/PROD_cropped/val/Alaris/Alaris_24.jpg,Alaris,val,1
/home/dudalypas/projects/DudaRims/PROD_cropped/train/Alaris/6a647f2s-960.jpg,Alaris,train,2
/home/dudalypas/projects/DudaRims/PROD_cropped/train/Alaris/Alaris_9.jpg,Alaris,train,0
/home/dudalypas/projects/DudaRims/PROD_cropped/train/Alaris/iNMj7Ba2dv0pTC_sWujX-LY-B6g-960.jpg,Alaris,train,1
/home/dudalypas/projects/DudaRims/PROD_cropped/train/Alaris/NwAAAgKXbuA-1920.jpg,Alaris,train,2
/home/dudalypas/projects/DudaRims/PROD_cropped/train/Alaris/BXFUZBh8.jpg,Alaris,train,0
/home/dudalypas/projects/DudaRims/PROD_cropped/train/Alaris/Alaris_26.jpg,Alaris,train,1
/home/dudalypas/projects/DudaRims/PROD_cropped/val/Alaris/4a687c2s-960.jpg,Alaris,val,2
/home/dudalypas/projects/DudaRims/PROD_cropped/train/Alaris/1715728391999_bulletin.jpg,Alaris,train,0
/home/dudalypas/projects/DudaRims/PROD_cropped/train/Alaris/Alaris_41.jpg,Alaris,train,1
/home/dudalypas/projects/DudaRims/PROD_cropped/train/Alaris/train_Alaris_0048.jpg,Alaris,train,2
/home/dudalypas/projects/DudaRims/PROD_cropped/train/Alaris/Alaris_44.jpg,Alaris,train,0
/home/dudalypas/projects/DudaRims/PROD_cropped/train/Alaris/train_Alaris_0046.jpg,Alaris,train,1
/home/dudalypas/projects/DudaRims/PROD_cropped/val/Alaris/Felgi-Skoda-Octavia-III-5E0-7-5Jx18H2-Et51-5x112-Model-Octavia-III-5E0.jpg,Alaris,val,2
/home/dudalypas/projects/DudaRims/PROD_cropped/train/Alaris/jkM6lfdZXjnqBbXaK8pZzOaNJIQ-960.jpg,Alaris,train,0
/home/dudalypas/projects/DudaRims/PROD_cropped/train/Alaris/Riko5pY_NHIKSNL5dSGJ9TVBi64-960.jpg,Alaris,train,1
/home/dudalypas/projects/DudaRims/PROD_cropped/train/Alaris/train_Alaris_0052.jpg,Alaris,train,2
/home/dudalypas/projects/DudaRims/PROD_cropped/train/Alaris/train_Alaris_0006.jpg,Alaris,train,0
/home/dudalypas/projects/DudaRims/PROD_cropped/train/Alaris/ZQAAAgBcBuA-960.jpg,Alaris,train,1
/home/dudalypas/projects/DudaRims/PROD_cropped/train/Alaris/MXdY_msWtaeFvvhYxW3e9syWEOA-1920.jpg,Alaris,train,2
/home/dudalypas/projects/DudaRims/PROD_cropped/val/Alaris/Alaris_73.jpg,Alaris,val,0
/home/dudalypas/projects/DudaRims/PROD_cropped/train/Alaris/Alaris_14.jpg,Alaris,train,1
/home/dudalypas/projects/DudaRims/PROD_cropped/train/Alaris/fXMDTqDAgvuIK18KAiaQQsAuQu4-1920.jpg,Alaris,train,2
/home/dudalypas/projects/DudaRims/PROD_cropped/train/Alaris/maxrefgfsdefault.jpg,Alaris,train,0
/home/dudalypas/projects/DudaRims/PROD_cropped/train/Alaris/Alaris_32.jpg,Alaris,train,1
/home/dudalypas/projects/DudaRims/PROD_cropped/val/Alaris/train_Alaris_0057.jpg,Alaris,val,2
/home/dudalypas/projects/DudaRims/PROD_cropped/train/Alaris/6f869804k958-960.jpg,Alaris,train,0
/home/dudalypas/projects/DudaRims/PROD_cropped/train/Alaris/dba7515s-960.jpg,Alaris,train,1
/home/dudalypas/projects/DudaRims/PROD_cropped/train/Alaris/Alaris_77.jpg,Alaris,train,2
/home/dudalypas/projects/DudaRims/PROD_cropped/val/Alaris/Alaris_19.jpg,Alaris,val,0
/home/dudalypas/projects/DudaRims/PROD_cropped/train/Alaris/Alaris_46.jpg,Alaris,train,1
/home/dudalypas/projects/DudaRims/PROD_cropped/train/Alaris/Alaris_48.jpg,Alaris,train,2
/home/dudalypas/projects/DudaRims/PROD_cropped/val/Alaris/Alaris_61.jpg,Alaris,val,0
/home/dudalypas/projects/DudaRims/PROD_cropped/train/Alaris/5c7ec05a22a449373d5337f5.jpg,Alaris,train,1
/home/dudalypas/projects/DudaRims/PROD_cropped/train/Alaris/train_Alaris_0053.jpg,Alaris,train,2
/home/dudalypas/projects/DudaRims/PROD_cropped/train/Alaris/A8X0-ClclDU2OPQbn5WDa4xBFqk-1920.jpg,Alaris,train,0
/home/dudalypas/projects/DudaRims/PROD_cropped/train/Alaris/val_Alaris_0010.jpg,Alaris,train,1
/home/dudalypas/projects/DudaRims/PROD_cropped/train/Alaris/Alaris_45.jpg,Alaris,train,2
/home/dudalypas/projects/DudaRims/PROD_cropped/train/Alaris/abc2c41s-960.jpg,Alaris,train,0
/home/dudalypas/projects/DudaRims/PROD_cropped/train/Alaris/TxVxAkFs58ZuRMYw5GrsLCUYlmI-960.jpg,Alaris,train,1
/home/dudalypas/projects/DudaRims/PROD_cropped/train/Alaris/train_Alaris_0047.jpg,Alaris,train,2
/home/dudalypas/projects/DudaRims/PROD_cropped/val/Alaris/train_Alaris_0007.jpg,Alaris,val,0
/home/dudalypas/projects/DudaRims/PROD_cropped/train/Alaris/gWAAAgGUCuA-480.jpg,Alaris,train,1
/home/dudalypas/projects/DudaRims/PROD_cropped/val/Alaris/train_Alaris_0015.jpg,Alaris,val,2
/home/dudalypas/projects/DudaRims/PROD_cropped/train/Alaris/e2aaa6s-1920.jpg,Alaris,train,0
/home/dudalypas/projects/DudaRims/PROD_cropped/train/Alaris/train_Alaris_0004.jpg,Alaris,train,1
/home/dudalypas/projects/DudaRims/PROD_cropped/train/Alaris/OcAAAgFoLuA-960.jpg,Alaris,train,2
/home/dudalypas/projects/DudaRims/PROD_cropped/train/Alaris/e9a7fa6s-1920.jpg,Alaris,train,0
/home/dudalypas/projects/DudaRims/PROD_cropped/train/Alaris/1467515s-960.jpg,Alaris,train,1
/home/dudalypas/projects/DudaRims/PROD_cropped/train/Alaris/iQv_aTX2R2wKZr82ckcQZOW-1U4-960.jpg,Alaris,train,2
/home/dudalypas/projects/DudaRims/PROD_cropped/train/Alaris/Alaris_17.jpg,Alaris,train,0
/home/dudalypas/projects/DudaRims/PROD_cropped/train/Alaris/318471814_skoda-oktaviya-3-iii-oktaviya-vrs-5e0-kolesnyie-diski-75x18-et51-5e0601025q.jpg,Alaris,train,1
/home/dudalypas/projects/DudaRims/PROD_cropped/train/Alaris/24647f2s-960.jpg,Alaris,train,2
/home/dudalypas/projects/DudaRims/PROD_cropped/train/Alaris/Alaris_10.jpg,Alaris,train,0
/home/dudalypas/projects/DudaRims/PROD_cropped/train/Alaris/Alaris_16.jpg,Alaris,train,1
/home/dudalypas/projects/DudaRims/PROD_cropped/train/Alaris/Alaris_27.jpg,Alaris,train,2
/home/dudalypas/projects/DudaRims/PROD_cropped/train/Alaris/e9-7MaJnbEqKu8pTH5EWeKVVfoA-1920.jpg,Alaris,train,0
/home/dudalypas/projects/DudaRims/PROD_cropped/train/Alaris/23273eds-960.jpg,Alaris,train,1
/home/dudalypas/projects/DudaRims/PROD_cropped/train/Alaris/Alaris_18.jpg,Alaris,train,2
/home/dudalypas/projects/DudaRims/PROD_cropped/train/Alcatras/train_Alcatras_0012.jpg,Alcatras,train,0
/home/dudalypas/projects/DudaRims/PROD_cropped/train/Alcatras/train_Alcatras_0097.jpg,Alcatras,train,1
/home/dudalypas/projects/DudaRims/PROD_cropped/val/Alcatras/Alcatras_67.jpg,Alcatras,val,2
/home/dudalypas/projects/DudaRims/PROD_cropped/train/Alcatras/Alcatras_48.jpg,Alcatras,train,0
/home/dudalypas/projects/DudaRims/PROD_cropped/train/Alcatras/664713451_1768745100752198_224249042627792613_n.jpg,Alcatras,train,1
/home/dudalypas/projects/DudaRims/PROD_cropped/train/Alcatras/Alcatras_9.jpg,Alcatras,train,2
/home/dudalypas/projects/DudaRims/PROD_cropped/train/Alcatras/train_Alcatras_0098.jpg,Alcatras,train,0
/home/dudalypas/projects/DudaRims/PROD_cropped/val/Alcatras/Alcatras_16.jpg,Alcatras,val,1
/home/dudalypas/projects/DudaRims/PROD_cropped/train/Alcatras/skoda-octavia-universalas-2013 (1).jpg,Alcatras,train,2
/home/dudalypas/projects/DudaRims/PROD_cropped/train/Alcatras/Alcatras_25.jpg,Alcatras,train,0
/home/dudalypas/projects/DudaRims/PROD_cropped/train/Alcatras/Alcatras_105.jpg,Alcatras,train,1
/home/dudalypas/projects/DudaRims/PROD_cropped/train/Alcatras/Alcatras_36.jpg,Alcatras,train,2
/home/dudalypas/projects/DudaRims/PROD_cropped/train/Alcatras/train_Alcatras_0093.jpg,Alcatras,train,0
/home/dudalypas/projects/DudaRims/PROD_cropped/train/Alcatras/train_Alcatras_0095.jpg,Alcatras,train,1
/home/dudalypas/projects/DudaRims/PROD_cropped/train/Alcatras/Alcatras_13.jpg,Alcatras,train,2
/home/dudalypas/projects/DudaRims/PROD_cropped/train/Alcatras/Alcatras_15.jpg,Alcatras,train,0
/home/dudalypas/projects/DudaRims/PROD_cropped/train/Alcatras/Alcatras_122.jpg,Alcatras,train,1
/home/dudalypas/projects/DudaRims/PROD_cropped/train/Alcatras/Alcatras_8.jpg,Alcatras,train,2
/home/dudalypas/projects/DudaRims/PROD_cropped/train/Alcatras/6a8b105s-960.jpg,Alcatras,train,0
/home/dudalypas/projects/DudaRims/PROD_cropped/train/Alcatras/Alcatras_28.jpg,Alcatras,train,1
/home/dudalypas/projects/DudaRims/PROD_cropped/train/Alcatras/Alcatras_121.jpg,Alcatras,train,2
/home/dudalypas/projects/DudaRims/PROD_cropped/train/Alcatras/train_Alcatras_0092.jpg,Alcatras,train,0
/home/dudalypas/projects/DudaRims/PROD_cropped/train/Alcatras/Alcatras_58.jpg,Alcatras,train,1
/home/dudalypas/projects/DudaRims/PROD_cropped/train/Alcatras/train_Alcatras_0009.jpg,Alcatras,train,2
/home/dudalypas/projects/DudaRims/PROD_cropped/train/Alcatras/2038f1ds-1920.jpg,Alcatras,train,0
/home/dudalypas/projects/DudaRims/PROD_cropped/train/Alcatras/Alcatras_40.jpg,Alcatras,train,1
/home/dudalypas/projects/DudaRims/PROD_cropped/train/Alcatras/Alcatras_61.jpg,Alcatras,train,2
/home/dudalypas/projects/DudaRims/PROD_cropped/train/Alcatras/Alcatras_56.jpg,Alcatras,train,0
/home/dudalypas/projects/DudaRims/PROD_cropped/train/Alcatras/Alcatras_65.jpg,Alcatras,train,1
/home/dudalypas/projects/DudaRims/PROD_cropped/train/Alcatras/Alcatras_35.jpg,Alcatras,train,2
/home/dudalypas/projects/DudaRims/PROD_cropped/train/Alcatras/val_Alcatras_0011.jpg,Alcatras,train,0
/home/dudalypas/projects/DudaRims/PROD_cropped/train/Alcatras/4-D0A8D182D0B0D182D0BDD0BED0B5-D0BAD0BED0BBD0B5D181D0BE-D0BDD0B0-16-D0B4D18ED0B9D0BCD0BED0B2.jpg,Alcatras,train,1
/home/dudalypas/projects/DudaRims/PROD_cropped/train/Alcatras/train_Alcatras_0008.jpg,Alcatras,train,2
/home/dudalypas/projects/DudaRims/PROD_cropped/val/Alcatras/Alcatras_103.jpg,Alcatras,val,0
/home/dudalypas/projects/DudaRims/PROD_cropped/train/Alcatras/P6210169.jpg,Alcatras,train,1
/home/dudalypas/projects/DudaRims/PROD_cropped/train/Alcatras/Alcatras_78.jpg,Alcatras,train,2
/home/dudalypas/projects/DudaRims/PROD_cropped/train/Alcatras/train_Alcatras_0011.jpg,Alcatras,train,0
/home/dudalypas/projects/DudaRims/PROD_cropped/train/Alcatras/Alcatras_45.jpg,Alcatras,train,1
/home/dudalypas/projects/DudaRims/PROD_cropped/val/Alcatras/Alcatras_27.jpg,Alcatras,val,2
/home/dudalypas/projects/DudaRims/PROD_cropped/train/Alcatras/Alcatras_2.jpg,Alcatras,train,0
/home/dudalypas/projects/DudaRims/PROD_cropped/train/Alcatras/Alcatras_70.jpg,Alcatras,train,1
/home/dudalypas/projects/DudaRims/PROD_cropped/train/Alcatras/train_Alcatras_0017.jpg,Alcatras,train,2
/home/dudalypas/projects/DudaRims/PROD_cropped/train/Alcatras/Alcatras_98.jpg,Alcatras,train,0
/home/dudalypas/projects/DudaRims/PROD_cropped/train/Alcatras/Alcatras_80.jpg,Alcatras,train,1
/home/dudalypas/projects/DudaRims/PROD_cropped/train/Alcatras/Ilias_56.jpg,Alcatras,train,2
/home/dudalypas/projects/DudaRims/PROD_cropped/train/Alcatras/Alcatras_100.jpg,Alcatras,train,0
/home/dudalypas/projects/DudaRims/PROD_cropped/val/Alcatras/train_Alcatras_0001.jpg,Alcatras,val,1
/home/dudalypas/projects/DudaRims/PROD_cropped/train/Alcatras/skoda-octavia-sedanas-2020.jpg,Alcatras,train,2
/home/dudalypas/projects/DudaRims/PROD_cropped/val/Alcatras/Alcatras_18.jpg,Alcatras,val,0
/home/dudalypas/projects/DudaRims/PROD_cropped/train/Alcatras/Alcatras_1.jpg,Alcatras,train,1
/home/dudalypas/projects/DudaRims/PROD_cropped/train/Alcatras/Alcatras_26.jpg,Alcatras,train,2
/home/dudalypas/projects/DudaRims/PROD_cropped/val/Alcatras/Alcatras_128.jpg,Alcatras,val,0
/home/dudalypas/projects/DudaRims/PROD_cropped/val/Alcatras/vAAAAgKjLeA-960.jpg,Alcatras,val,1
/home/dudalypas/projects/DudaRims/PROD_cropped/train/Alcatras/Alcatras_82.jpg,Alcatras,train,2
/home/dudalypas/projects/DudaRims/PROD_cropped/val/Alcatras/358007452_koleso-alyuminievaya-skoda-oe-5e0601025bj-6-5-x-16-5x112-et-46.jpg,Alcatras,val,0
/home/dudalypas/projects/DudaRims/PROD_cropped/train/Alcatras/Alcatras_95.jpg,Alcatras,train,1
/home/dudalypas/projects/DudaRims/PROD_cropped/train/Alcatras/Alcatras_97.jpg,Alcatras,train,2
/home/dudalypas/projects/DudaRims/PROD_cropped/train/Alcatras/Alcatras_123.jpg,Alcatras,train,0
/home/dudalypas/projects/DudaRims/PROD_cropped/train/Alcatras/Alcatras_14.jpg,Alcatras,train,1
/home/dudalypas/projects/DudaRims/PROD_cropped/train/Alcatras/skoda-octavia-mt-hecbekas-2020.jpg,Alcatras,train,2
/home/dudalypas/projects/DudaRims/PROD_cropped/train/Alcatras/Alcatras_38.jpg,Alcatras,train,0
/home/dudalypas/projects/DudaRims/PROD_cropped/train/Alcatras/skoda-octavia-universalas-2018.jpg,Alcatras,train,1
/home/dudalypas/projects/DudaRims/PROD_cropped/train/Alcatras/Alcatras_113.jpg,Alcatras,train,2
/home/dudalypas/projects/DudaRims/PROD_cropped/train/Alcatras/train_Alcatras_0089.jpg,Alcatras,train,0
/home/dudalypas/projects/DudaRims/PROD_cropped/val/Alcatras/val_Alcatras_0004.jpg,Alcatras,val,1
/home/dudalypas/projects/DudaRims/PROD_cropped/train/Alcatras/Alcatras_30.jpg,Alcatras,train,2
/home/dudalypas/projects/DudaRims/PROD_cropped/train/Alcatras/1200x900n (2).jpg,Alcatras,train,0
/home/dudalypas/projects/DudaRims/PROD_cropped/train/Alcatras/Alcatras_79.jpg,Alcatras,train,1
/home/dudalypas/projects/DudaRims/PROD_cropped/train/Alcatras/Alcatras_124.jpg,Alcatras,train,2
/home/dudalypas/projects/DudaRims/PROD_cropped/val/Alcatras/train_Alcatras_0007.jpg,Alcatras,val,0
/home/dudalypas/projects/DudaRims/PROD_cropped/train/Alcatras/Alcatras_46.jpg,Alcatras,train,1
/home/dudalypas/projects/DudaRims/PROD_cropped/train/Alcatras/train_Alcatras_0003.jpg,Alcatras,train,2
/home/dudalypas/projects/DudaRims/PROD_cropped/train/Alcatras/train_Alcatras_0088.jpg,Alcatras,train,0
/home/dudalypas/projects/DudaRims/PROD_cropped/train/Alcatras/Alcatras_96.jpg,Alcatras,train,1
/home/dudalypas/projects/DudaRims/PROD_cropped/val/Alcatras/Alcatras_111.jpg,Alcatras,val,2
/home/dudalypas/projects/DudaRims/PROD_cropped/train/Alcatras/train_Alcatras_0082.jpg,Alcatras,train,0
/home/dudalypas/projects/DudaRims/PROD_cropped/train/Alcatras/train_Alcatras_0010.jpg,Alcatras,train,1
/home/dudalypas/projects/DudaRims/PROD_cropped/train/Alcatras/190218283.jpg,Alcatras,train,2
/home/dudalypas/projects/DudaRims/PROD_cropped/val/Braga/Braga_Diamond_Cut_Black_51.jpg,Braga,val,0
/home/dudalypas/projects/DudaRims/PROD_cropped/train/Braga/btxtemwI0mXX7p9BrqTIfQypKNg-960.jpg,Braga,train,1
/home/dudalypas/projects/DudaRims/PROD_cropped/train/Braga/Braga_13.jpg,Braga,train,2
/home/dudalypas/projects/DudaRims/PROD_cropped/train/Braga/Braga_62.jpg,Braga,train,0
/home/dudalypas/projects/DudaRims/PROD_cropped/train/Braga/Braga_169.jpg,Braga,train,1
/home/dudalypas/projects/DudaRims/PROD_cropped/train/Braga/Braga_197.jpg,Braga,train,2
/home/dudalypas/projects/DudaRims/PROD_cropped/train/Braga/Braga_122.jpg,Braga,train,0
/home/dudalypas/projects/DudaRims/PROD_cropped/train/Braga/Braga_Diamond_Cut_Black_62.jpg,Braga,train,1
/home/dudalypas/projects/DudaRims/PROD_cropped/train/Braga/Braga_83.jpg,Braga,train,2
/home/dudalypas/projects/DudaRims/PROD_cropped/train/Braga/Braga_117.jpg,Braga,train,0
/home/dudalypas/projects/DudaRims/PROD_cropped/train/Braga/image-11-10-20-20-30.jpg,Braga,train,1
/home/dudalypas/projects/DudaRims/PROD_cropped/train/Braga/K0AAAgNry-A-1920.jpg,Braga,train,2
/home/dudalypas/projects/DudaRims/PROD_cropped/train/Braga/Braga_Diamond_Cut_Black_46.jpg,Braga,train,0
/home/dudalypas/projects/DudaRims/PROD_cropped/train/Braga/WwAAAgCI1-A-1920.jpg,Braga,train,1
/home/dudalypas/projects/DudaRims/PROD_cropped/train/Braga/FELGA-SKODA-KODIAQ-565-WZ-BRAGA-7x19-ET43-565601025AC-809.jpg,Braga,train,2
/home/dudalypas/projects/DudaRims/PROD_cropped/train/Braga/Braga_Diamond_Cut_Black_15.jpg,Braga,train,0
/home/dudalypas/projects/DudaRims/PROD_cropped/val/Braga/Braga_5.jpg,Braga,val,1
/home/dudalypas/projects/DudaRims/PROD_cropped/val/Braga/Braga_42.jpg,Braga,val,2
/home/dudalypas/projects/DudaRims/PROD_cropped/train/Braga/Braga_Diamond_Cut_Black_9.jpg,Braga,train,0
/home/dudalypas/projects/DudaRims/PROD_cropped/train/Braga/Felga-18-ET48-7-5J-5x112-Skoda-Octavia-III-5E3601025K.jpg,Braga,train,1
/home/dudalypas/projects/DudaRims/PROD_cropped/train/Braga/owAAAgAsHeA-960.jpg,Braga,train,2
/home/dudalypas/projects/DudaRims/PROD_cropped/train/Braga/Braga_183.jpg,Braga,train,0
/home/dudalypas/projects/DudaRims/PROD_cropped/train/Braga/NIAAAgGQeuA-1920.jpg,Braga,train,1
/home/dudalypas/projects/DudaRims/PROD_cropped/train/Braga/nYCJK7VZL2WjVJ0Q_XiWnEw8hiU-960.jpg,Braga,train,2
/home/dudalypas/projects/DudaRims/PROD_cropped/train/Braga/Braga_182.jpg,Braga,train,0
/home/dudalypas/projects/DudaRims/PROD_cropped/train/Braga/Braga_47.jpg,Braga,train,1
/home/dudalypas/projects/DudaRims/PROD_cropped/train/Braga/DGTQyKXAiFcTOCpBq3rqMTfW_ZQ-960.jpg,Braga,train,2
/home/dudalypas/projects/DudaRims/PROD_cropped/train/Braga/Braga_Diamond_Cut_Black_34.jpg,Braga,train,0
/home/dudalypas/projects/DudaRims/PROD_cropped/val/Braga/Braga_43.jpg,Braga,val,1
/home/dudalypas/projects/DudaRims/PROD_cropped/train/Braga/Braga_98.jpg,Braga,train,2
/home/dudalypas/projects/DudaRims/PROD_cropped/train/Braga/Braga_115.jpg,Braga,train,0
/home/dudalypas/projects/DudaRims/PROD_cropped/train/Braga/nQAAAgCI1-A-960.jpg,Braga,train,1
/home/dudalypas/projects/DudaRims/PROD_cropped/train/Braga/1200x900.jpg,Braga,train,2
/home/dudalypas/projects/DudaRims/PROD_cropped/train/Braga/Braga_78.jpg,Braga,train,0
/home/dudalypas/projects/DudaRims/PROD_cropped/train/Braga/Braga_93.jpg,Braga,train,1
/home/dudalypas/projects/DudaRims/PROD_cropped/train/Braga/216508897.jpg,Braga,train,2
/home/dudalypas/projects/DudaRims/PROD_cropped/train/Braga/Braga_9.jpg,Braga,train,0
/home/dudalypas/projects/DudaRims/PROD_cropped/train/Braga/Braga_190.jpg,Braga,train,1
/home/dudalypas/projects/DudaRims/PROD_cropped/train/Braga/Braga_70.jpg,Braga,train,2
/home/dudalypas/projects/DudaRims/PROD_cropped/train/Braga/F7E0CHQReOhay9aYGKhtG_1y1fQ-960.jpg,Braga,train,0
/home/dudalypas/projects/DudaRims/PROD_cropped/val/Braga/4UAAAgFJ9-A-960.jpg,Braga,val,1
/home/dudalypas/projects/DudaRims/PROD_cropped/train/Braga/Braga_159.jpg,Braga,train,2
/home/dudalypas/projects/DudaRims/PROD_cropped/train/Braga/Braga_140.jpg,Braga,train,0
/home/dudalypas/projects/DudaRims/PROD_cropped/val/Braga/Braga_72.jpg,Braga,val,1
/home/dudalypas/projects/DudaRims/PROD_cropped/train/Braga/Braga_86.jpg,Braga,train,2
/home/dudalypas/projects/DudaRims/PROD_cropped/train/Braga/Braga_71.jpg,Braga,train,0
/home/dudalypas/projects/DudaRims/PROD_cropped/train/Braga/Braga_Diamond_Cut_Black_47.jpg,Braga,train,1
/home/dudalypas/projects/DudaRims/PROD_cropped/train/Braga/Braga_104.jpg,Braga,train,2
/home/dudalypas/projects/DudaRims/PROD_cropped/train/Braga/tCAAAgGhw-A-960.jpg,Braga,train,0
/home/dudalypas/projects/DudaRims/PROD_cropped/train/Braga/lCAAAgGhw-A-960.jpg,Braga,train,1
/home/dudalypas/projects/DudaRims/PROD_cropped/train/Braga/Braga_44.jpg,Braga,train,2
/home/dudalypas/projects/DudaRims/PROD_cropped/train/Braga/Braga_19.jpg,Braga,train,0
/home/dudalypas/projects/DudaRims/PROD_cropped/train/Braga/Braga_Diamond_Cut_Black_60.jpg,Braga,train,1
/home/dudalypas/projects/DudaRims/PROD_cropped/train/Braga/Braga_147.jpg,Braga,train,2
/home/dudalypas/projects/DudaRims/PROD_cropped/train/Braga/659036128_2862521470749993_4760493507096160377_n.jpg,Braga,train,0
/home/dudalypas/projects/DudaRims/PROD_cropped/train/Braga/Braga_160.jpg,Braga,train,1
/home/dudalypas/projects/DudaRims/PROD_cropped/train/Braga/Braga_99.jpg,Braga,train,2
/home/dudalypas/projects/DudaRims/PROD_cropped/train/Braga/Braga_128.jpg,Braga,train,0
/home/dudalypas/projects/DudaRims/PROD_cropped/train/Braga/Braga_26.jpg,Braga,train,1
/home/dudalypas/projects/DudaRims/PROD_cropped/train/Braga/Braga_Diamond_Cut_Black_53.jpg,Braga,train,2
/home/dudalypas/projects/DudaRims/PROD_cropped/train/Braga/Braga_Diamond_Cut_Black_4.jpg,Braga,train,0
/home/dudalypas/projects/DudaRims/PROD_cropped/train/Braga/Braga_94.jpg,Braga,train,1
/home/dudalypas/projects/DudaRims/PROD_cropped/train/Braga/1200x900 (1).jpg,Braga,train,2
/home/dudalypas/projects/DudaRims/PROD_cropped/val/Braga/PAAAAgIbq-A-960.jpg,Braga,val,0
/home/dudalypas/projects/DudaRims/PROD_cropped/train/Braga/Braga_191.jpg,Braga,train,1
/home/dudalypas/projects/DudaRims/PROD_cropped/train/Braga/Braga_150.jpg,Braga,train,2
/home/dudalypas/projects/DudaRims/PROD_cropped/train/Braga/Braga_108.jpg,Braga,train,0
/home/dudalypas/projects/DudaRims/PROD_cropped/train/Braga/Braga_180.jpg,Braga,train,1
/home/dudalypas/projects/DudaRims/PROD_cropped/val/Braga/Braga_Diamond_Cut_Black_16.jpg,Braga,val,2
/home/dudalypas/projects/DudaRims/PROD_cropped/train/Braga/Braga_7.jpg,Braga,train,0
/home/dudalypas/projects/DudaRims/PROD_cropped/train/Braga/Braga_59.jpg,Braga,train,1
/home/dudalypas/projects/DudaRims/PROD_cropped/train/Braga/Braga_127.jpg,Braga,train,2
/home/dudalypas/projects/DudaRims/PROD_cropped/train/Braga/Braga_21.jpg,Braga,train,0
/home/dudalypas/projects/DudaRims/PROD_cropped/train/Braga/Braga_34.jpg,Braga,train,1
/home/dudalypas/projects/DudaRims/PROD_cropped/train/Braga/Braga_36.jpg,Braga,train,2
/home/dudalypas/projects/DudaRims/PROD_cropped/train/Braga/Braga_Diamond_Cut_Black_41.jpg,Braga,train,0
/home/dudalypas/projects/DudaRims/PROD_cropped/train/Braga/Braga_45.jpg,Braga,train,1
/home/dudalypas/projects/DudaRims/PROD_cropped/train/Braga/braga.jpg,Braga,train,2
/home/dudalypas/projects/DudaRims/PROD_cropped/train/Braga/Braga_91.jpg,Braga,train,0
/home/dudalypas/projects/DudaRims/PROD_cropped/val/Braga/Braga_123.jpg,Braga,val,1
/home/dudalypas/projects/DudaRims/PROD_cropped/train/Braga/Braga_Diamond_Cut_Black_48.jpg,Braga,train,2
/home/dudalypas/projects/DudaRims/PROD_cropped/train/Braga/Braga_112.jpg,Braga,train,0
/home/dudalypas/projects/DudaRims/PROD_cropped/train/Braga/Braga_Diamond_Cut_Black_45.jpg,Braga,train,1
/home/dudalypas/projects/DudaRims/PROD_cropped/train/Braga/Braga_Diamond_Cut_Black_8.jpg,Braga,train,2
/home/dudalypas/projects/DudaRims/PROD_cropped/train/Braga/Braga_Diamond_Cut_Black_42.jpg,Braga,train,0
/home/dudalypas/projects/DudaRims/PROD_cropped/train/Braga/Braga_Diamond_Cut_Black_26.jpg,Braga,train,1
/home/dudalypas/projects/DudaRims/PROD_cropped/val/Braga/Braga_29.jpg,Braga,val,2
/home/dudalypas/projects/DudaRims/PROD_cropped/train/Braga/SKODA-KAROQ-FELGA-ALUMINIOWA-57A601025L-7JX18-ET45.jpg,Braga,train,0
/home/dudalypas/projects/DudaRims/PROD_cropped/val/Braga/Braga_142.jpg,Braga,val,1
/home/dudalypas/projects/DudaRims/PROD_cropped/train/Braga/Braga_106.jpg,Braga,train,2
/home/dudalypas/projects/DudaRims/PROD_cropped/train/Braga/Braga_179.jpg,Braga,train,0
/home/dudalypas/projects/DudaRims/PROD_cropped/train/Braga/Braga_152.jpg,Braga,train,1
/home/dudalypas/projects/DudaRims/PROD_cropped/val/Braga/Braga_176.jpg,Braga,val,2
/home/dudalypas/projects/DudaRims/PROD_cropped/train/Braga/Braga_35.jpg,Braga,train,0
/home/dudalypas/projects/DudaRims/PROD_cropped/train/Braga/Braga_Diamond_Cut_Black_18.jpg,Braga,train,1
/home/dudalypas/projects/DudaRims/PROD_cropped/train/Braga/Braga_23.jpg,Braga,train,2
/home/dudalypas/projects/DudaRims/PROD_cropped/train/Braga/Braga_8.jpg,Braga,train,0
/home/dudalypas/projects/DudaRims/PROD_cropped/val/Braga/Braga_113.jpg,Braga,val,1
/home/dudalypas/projects/DudaRims/PROD_cropped/train/Braga/Braga_107.jpg,Braga,train,2
/home/dudalypas/projects/DudaRims/PROD_cropped/train/Braga/Braga_Diamond_Cut_Black_28.jpg,Braga,train,0
/home/dudalypas/projects/DudaRims/PROD_cropped/train/Braga/Braga_Diamond_Cut_Black_3.jpg,Braga,train,1
/home/dudalypas/projects/DudaRims/PROD_cropped/train/Braga/Braga_92.jpg,Braga,train,2
/home/dudalypas/projects/DudaRims/PROD_cropped/train/Braga/Braga_12.jpg,Braga,train,0
/home/dudalypas/projects/DudaRims/PROD_cropped/train/Braga/1649229486061_bulletin.jpg,Braga,train,1
/home/dudalypas/projects/DudaRims/PROD_cropped/train/Braga/Braga_Diamond_Cut_Black_6.jpg,Braga,train,2
/home/dudalypas/projects/DudaRims/PROD_cropped/train/Braga/Braga_124.jpg,Braga,train,0
/home/dudalypas/projects/DudaRims/PROD_cropped/train/Braga/Braga_Diamond_Cut_Black_61.jpg,Braga,train,1
/home/dudalypas/projects/DudaRims/PROD_cropped/train/Braga/Braga_Diamond_Cut_Black_13.jpg,Braga,train,2
/home/dudalypas/projects/DudaRims/PROD_cropped/train/Braga/Braga_Diamond_Cut_Black_2.jpg,Braga,train,0
/home/dudalypas/projects/DudaRims/PROD_cropped/train/Braga/Braga_31.jpg,Braga,train,1
/home/dudalypas/projects/DudaRims/PROD_cropped/train/Braga/Braga_17.jpg,Braga,train,2
/home/dudalypas/projects/DudaRims/PROD_cropped/train/Braga/Braga_Diamond_Cut_Black_14.jpg,Braga,train,0
/home/dudalypas/projects/DudaRims/PROD_cropped/train/Braga/Braga_Diamond_Cut_Black_54.jpg,Braga,train,1
/home/dudalypas/projects/DudaRims/PROD_cropped/train/Castor/Castor_14.jpg,Castor,train,0
/home/dudalypas/projects/DudaRims/PROD_cropped/train/Castor/Castor_41.jpg,Castor,train,1
/home/dudalypas/projects/DudaRims/PROD_cropped/train/Castor/Castor_127.jpg,Castor,train,2
/home/dudalypas/projects/DudaRims/PROD_cropped/train/Castor/Castor_210.jpg,Castor,train,0
/home/dudalypas/projects/DudaRims/PROD_cropped/val/Castor/Castor_159.jpg,Castor,val,1
/home/dudalypas/projects/DudaRims/PROD_cropped/val/Castor/Castor_103.jpg,Castor,val,2
/home/dudalypas/projects/DudaRims/PROD_cropped/train/Castor/Castor_104.jpg,Castor,train,0
/home/dudalypas/projects/DudaRims/PROD_cropped/train/Castor/da836e5f428094e71fd4e427b415.jpg,Castor,train,1
/home/dudalypas/projects/DudaRims/PROD_cropped/train/Castor/Castor_73.jpg,Castor,train,2
/home/dudalypas/projects/DudaRims/PROD_cropped/train/Castor/Castor_146.jpg,Castor,train,0
/home/dudalypas/projects/DudaRims/PROD_cropped/train/Castor/Castor_224.jpg,Castor,train,1
/home/dudalypas/projects/DudaRims/PROD_cropped/val/Castor/Castor_117.jpg,Castor,val,2
/home/dudalypas/projects/DudaRims/PROD_cropped/train/Castor/Castor_39.jpg,Castor,train,0
/home/dudalypas/projects/DudaRims/PROD_cropped/train/Castor/Castor_186.jpg,Castor,train,1
/home/dudalypas/projects/DudaRims/PROD_cropped/train/Castor/skoda-kamiq-visureigis--krosoveris-2022.jpg,Castor,train,2
/home/dudalypas/projects/DudaRims/PROD_cropped/train/Castor/1638290652_73-hdpic-club-p-shkoda-karok-diski-73.jpg,Castor,train,0
/home/dudalypas/projects/DudaRims/PROD_cropped/train/Castor/Castor_81.jpg,Castor,train,1
/home/dudalypas/projects/DudaRims/PROD_cropped/train/Castor/Castor_15.jpg,Castor,train,2
/home/dudalypas/projects/DudaRims/PROD_cropped/train/Castor/Castor_124.jpg,Castor,train,0
/home/dudalypas/projects/DudaRims/PROD_cropped/train/Castor/Castor_62.jpg,Castor,train,1
/home/dudalypas/projects/DudaRims/PROD_cropped/train/Castor/Castor_179.jpg,Castor,train,2
/home/dudalypas/projects/DudaRims/PROD_cropped/val/Castor/image_2768923_21.jpg,Castor,val,0
/home/dudalypas/projects/DudaRims/PROD_cropped/train/Castor/Castor_174.jpg,Castor,train,1
/home/dudalypas/projects/DudaRims/PROD_cropped/val/Castor/Castor_9.jpg,Castor,val,2
/home/dudalypas/projects/DudaRims/PROD_cropped/train/Castor/1695996936785_bulletin.jpg,Castor,train,0
/home/dudalypas/projects/DudaRims/PROD_cropped/train/Castor/sfwfj2TnIFRfFEjT2hqaX3HTs_Q-1920.jpg,Castor,train,1
/home/dudalypas/projects/DudaRims/PROD_cropped/train/Castor/Castor_143.jpg,Castor,train,2
/home/dudalypas/projects/DudaRims/PROD_cropped/train/Castor/1523512817116_default.jpg,Castor,train,0
/home/dudalypas/projects/DudaRims/PROD_cropped/train/Castor/original-skoda-octavia-16-aluminijske-felge-slika-153649973.jpg,Castor,train,1
/home/dudalypas/projects/DudaRims/PROD_cropped/train/Castor/Castor_109.jpg,Castor,train,2
/home/dudalypas/projects/DudaRims/PROD_cropped/train/Castor/Castor_166.jpg,Castor,train,0
/home/dudalypas/projects/DudaRims/PROD_cropped/train/Castor/Castor_45.jpg,Castor,train,1
/home/dudalypas/projects/DudaRims/PROD_cropped/train/Castor/Castor_26.jpg,Castor,train,2
/home/dudalypas/projects/DudaRims/PROD_cropped/train/Castor/Castor_199.jpg,Castor,train,0
/home/dudalypas/projects/DudaRims/PROD_cropped/train/Castor/Castor_44.jpg,Castor,train,1
/home/dudalypas/projects/DudaRims/PROD_cropped/train/Castor/Castor_48.jpg,Castor,train,2
/home/dudalypas/projects/DudaRims/PROD_cropped/train/Castor/Castor_120.jpg,Castor,train,0
/home/dudalypas/projects/DudaRims/PROD_cropped/val/Castor/Castor_60.jpg,Castor,val,1
/home/dudalypas/projects/DudaRims/PROD_cropped/train/Castor/Castor_50.jpg,Castor,train,2
/home/dudalypas/projects/DudaRims/PROD_cropped/train/Castor/IMG_20200812_210358.jpg,Castor,train,0
/home/dudalypas/projects/DudaRims/PROD_cropped/val/Castor/363551859_disk-litoy-r16-skoda-karoq-1-nu7-do-restayling-2017-2021-57a601025a.jpg,Castor,val,1
/home/dudalypas/projects/DudaRims/PROD_cropped/train/Castor/n0vCWKiP8TegnbEPM.jpg,Castor,train,2
/home/dudalypas/projects/DudaRims/PROD_cropped/val/Castor/399413.jpg,Castor,val,0
/home/dudalypas/projects/DudaRims/PROD_cropped/train/Castor/Castor_76.jpg,Castor,train,1
/home/dudalypas/projects/DudaRims/PROD_cropped/train/Castor/Castor_134.jpg,Castor,train,2
/home/dudalypas/projects/DudaRims/PROD_cropped/train/Castor/Castor_82.jpg,Castor,train,0
/home/dudalypas/projects/DudaRims/PROD_cropped/train/Castor/Castor_31.jpg,Castor,train,1
/home/dudalypas/projects/DudaRims/PROD_cropped/train/Castor/lL2AqrEuBp5Ju4mZwh0kmdeKPeM-960.jpg,Castor,train,2
/home/dudalypas/projects/DudaRims/PROD_cropped/val/Castor/Castor_30.jpg,Castor,val,0
/home/dudalypas/projects/DudaRims/PROD_cropped/train/Castor/Castor_126.jpg,Castor,train,1
/home/dudalypas/projects/DudaRims/PROD_cropped/train/Castor/Castor_177.jpg,Castor,train,2
/home/dudalypas/projects/DudaRims/PROD_cropped/train/Castor/Castor_115.jpg,Castor,train,0
/home/dudalypas/projects/DudaRims/PROD_cropped/train/Castor/Castor_212.jpg,Castor,train,1
/home/dudalypas/projects/DudaRims/PROD_cropped/train/Castor/Castor_155.jpg,Castor,train,2
/home/dudalypas/projects/DudaRims/PROD_cropped/train/Castor/Castor_183.jpg,Castor,train,0
/home/dudalypas/projects/DudaRims/PROD_cropped/train/Castor/Castor_52.jpg,Castor,train,1
/home/dudalypas/projects/DudaRims/PROD_cropped/train/Castor/Castor_157.jpg,Castor,train,2
/home/dudalypas/projects/DudaRims/PROD_cropped/train/Castor/Castor_70.jpg,Castor,train,0
/home/dudalypas/projects/DudaRims/PROD_cropped/train/Castor/Castor_112.jpg,Castor,train,1
/home/dudalypas/projects/DudaRims/PROD_cropped/train/Castor/zanovni-sada-4x-16-alu-kol-skoda-castor-kumho-205-60-kamiq-scala-110820138.jpg,Castor,train,2
/home/dudalypas/projects/DudaRims/PROD_cropped/train/Castor/Castor_161.jpg,Castor,train,0
/home/dudalypas/projects/DudaRims/PROD_cropped/train/Castor/Castor_66.jpg,Castor,train,1
/home/dudalypas/projects/DudaRims/PROD_cropped/train/Castor/Castor_1.jpg,Castor,train,2
/home/dudalypas/projects/DudaRims/PROD_cropped/train/Castor/Castor_129.jpg,Castor,train,0
/home/dudalypas/projects/DudaRims/PROD_cropped/train/Castor/Castor_3.jpg,Castor,train,1
/home/dudalypas/projects/DudaRims/PROD_cropped/train/Castor/Castor_68.jpg,Castor,train,2
/home/dudalypas/projects/DudaRims/PROD_cropped/train/Castor/Castor_32.jpg,Castor,train,0
/home/dudalypas/projects/DudaRims/PROD_cropped/train/Castor/Castor_21.jpg,Castor,train,1
/home/dudalypas/projects/DudaRims/PROD_cropped/train/Castor/Castor_59.jpg,Castor,train,2
/home/dudalypas/projects/DudaRims/PROD_cropped/train/Castor/K-0s9qK6WZG8mSGU3Idcj5nwbPg-480.jpg,Castor,train,0
/home/dudalypas/projects/DudaRims/PROD_cropped/train/Castor/Castor_38.jpg,Castor,train,1
/home/dudalypas/projects/DudaRims/PROD_cropped/train/Castor/20-tdi-ambition-85-kw-115-cv_1960-8.jpg,Castor,train,2
/home/dudalypas/projects/DudaRims/PROD_cropped/train/Castor/Castor_218.jpg,Castor,train,0
/home/dudalypas/projects/DudaRims/PROD_cropped/train/Castor/Castor_83.jpg,Castor,train,1
/home/dudalypas/projects/DudaRims/PROD_cropped/val/Castor/Castor_151.jpg,Castor,val,2
/home/dudalypas/projects/DudaRims/PROD_cropped/train/Castor/Castor_225.jpg,Castor,train,0
/home/dudalypas/projects/DudaRims/PROD_cropped/train/Castor/Castor_187.jpg,Castor,train,1
/home/dudalypas/projects/DudaRims/PROD_cropped/train/Castor/Castor_228.jpg,Castor,train,2
/home/dudalypas/projects/DudaRims/PROD_cropped/train/Castor/Castor_138.jpg,Castor,train,0
/home/dudalypas/projects/DudaRims/PROD_cropped/val/Castor/Castor_94.jpg,Castor,val,1
/home/dudalypas/projects/DudaRims/PROD_cropped/train/Castor/Castor_209.jpg,Castor,train,2
/home/dudalypas/projects/DudaRims/PROD_cropped/train/Castor/Castor_140.jpg,Castor,train,0
/home/dudalypas/projects/DudaRims/PROD_cropped/train/Castor/987927T_660ee73f.jpg,Castor,train,1
/home/dudalypas/projects/DudaRims/PROD_cropped/val/Castor/Castor_141.jpg,Castor,val,2
/home/dudalypas/projects/DudaRims/PROD_cropped/train/Castor/N6laKDa0NJPSWi4fDVdKLenKUkI-960.jpg,Castor,train,0
/home/dudalypas/projects/DudaRims/PROD_cropped/val/Castor/Castor_56.jpg,Castor,val,1
/home/dudalypas/projects/DudaRims/PROD_cropped/val/Castor/Castor_132.jpg,Castor,val,2
/home/dudalypas/projects/DudaRims/PROD_cropped/train/Castor/Castor_29.jpg,Castor,train,0
/home/dudalypas/projects/DudaRims/PROD_cropped/train/Castor/Castor_55.jpg,Castor,train,1
/home/dudalypas/projects/DudaRims/PROD_cropped/train/Castor/Castor_178.jpg,Castor,train,2
/home/dudalypas/projects/DudaRims/PROD_cropped/train/Castor/Castor_190.jpg,Castor,train,0
/home/dudalypas/projects/DudaRims/PROD_cropped/train/Castor/Castor_226.jpg,Castor,train,1
/home/dudalypas/projects/DudaRims/PROD_cropped/train/Castor/Castor_35.jpg,Castor,train,2
/home/dudalypas/projects/DudaRims/PROD_cropped/train/Castor/Castor_188.jpg,Castor,train,0
/home/dudalypas/projects/DudaRims/PROD_cropped/train/Castor/Castor_97.jpg,Castor,train,1
/home/dudalypas/projects/DudaRims/PROD_cropped/train/Castor/Castor_10.jpg,Castor,train,2
/home/dudalypas/projects/DudaRims/PROD_cropped/train/Denom/Denom_59.jpg,Denom,train,0
/home/dudalypas/projects/DudaRims/PROD_cropped/train/Denom/P4AAAgL4huA-960.jpg,Denom,train,1
/home/dudalypas/projects/DudaRims/PROD_cropped/train/Denom/Denom_41.jpg,Denom,train,2
/home/dudalypas/projects/DudaRims/PROD_cropped/train/Denom/88AAAgChp-A-960.jpg,Denom,train,0
/home/dudalypas/projects/DudaRims/PROD_cropped/train/Denom/Denom_77.jpg,Denom,train,1
/home/dudalypas/projects/DudaRims/PROD_cropped/train/Denom/Denom_39.jpg,Denom,train,2
/home/dudalypas/projects/DudaRims/PROD_cropped/train/Denom/bYAAAgM8w-A-1920.jpg,Denom,train,0
/home/dudalypas/projects/DudaRims/PROD_cropped/train/Denom/TAcxVLalEaA0ujpq2MIqHTKU38w-1920.jpg,Denom,train,1
/home/dudalypas/projects/DudaRims/PROD_cropped/train/Denom/15e7391s-960.jpg,Denom,train,2
/home/dudalypas/projects/DudaRims/PROD_cropped/train/Denom/a7106as-960.jpg,Denom,train,0
/home/dudalypas/projects/DudaRims/PROD_cropped/train/Denom/NKK7b3-9HoaGy_rmCiBDgGawhOc-1920.jpg,Denom,train,1
/home/dudalypas/projects/DudaRims/PROD_cropped/train/Denom/8OhS959yvHZMweF47_ZZZo8isNo-960.jpg,Denom,train,2
/home/dudalypas/projects/DudaRims/PROD_cropped/train/Denom/pzq7Jk7SrvLc8-BnARWXslPY-20-1920.jpg,Denom,train,0
/home/dudalypas/projects/DudaRims/PROD_cropped/train/Denom/j8AAAgJtX2A-960.jpg,Denom,train,1
/home/dudalypas/projects/DudaRims/PROD_cropped/train/Denom/582f6b5s-1920.jpg,Denom,train,2
/home/dudalypas/projects/DudaRims/PROD_cropped/train/Denom/ce7C77ay3Qf0Rh8CrJpByjtM3QFiTt8.jpg,Denom,train,0
/home/dudalypas/projects/DudaRims/PROD_cropped/val/Denom/l6AAAgC94uA-960.jpg,Denom,val,1
/home/dudalypas/projects/DudaRims/PROD_cropped/val/Denom/UUAAAgN8KOA-1920.jpg,Denom,val,2
/home/dudalypas/projects/DudaRims/PROD_cropped/val/Denom/QAAAAgDubeA-1920.jpg,Denom,val,0
/home/dudalypas/projects/DudaRims/PROD_cropped/train/Denom/Denom_79.jpg,Denom,train,1
/home/dudalypas/projects/DudaRims/PROD_cropped/train/Denom/4f451cs-960.jpg,Denom,train,2
/home/dudalypas/projects/DudaRims/PROD_cropped/val/Denom/Denom_23.jpg,Denom,val,0
/home/dudalypas/projects/DudaRims/PROD_cropped/train/Denom/Denom_54.jpg,Denom,train,1
/home/dudalypas/projects/DudaRims/PROD_cropped/train/Denom/Denom_70.jpg,Denom,train,2
/home/dudalypas/projects/DudaRims/PROD_cropped/train/Denom/3c01719s-960.jpg,Denom,train,0
/home/dudalypas/projects/DudaRims/PROD_cropped/train/Denom/Denom_18.jpg,Denom,train,1
/home/dudalypas/projects/DudaRims/PROD_cropped/train/Denom/jiAAAgC94uA-960.jpg,Denom,train,2
/home/dudalypas/projects/DudaRims/PROD_cropped/train/Denom/b8AAAgHhReA-960.jpg,Denom,train,0
/home/dudalypas/projects/DudaRims/PROD_cropped/val/Denom/Denom_46.jpg,Denom,val,1
/home/dudalypas/projects/DudaRims/PROD_cropped/train/Denom/99fcd46s-1920.jpg,Denom,train,2
/home/dudalypas/projects/DudaRims/PROD_cropped/val/Denom/zpG29LlOKJJ-KxE_Pu1IKMDjcSE-960.jpg,Denom,val,0
/home/dudalypas/projects/DudaRims/PROD_cropped/train/Denom/Denom_37.jpg,Denom,train,1
/home/dudalypas/projects/DudaRims/PROD_cropped/train/Denom/5wAAAgM8w-A-960.jpg,Denom,train,2
/home/dudalypas/projects/DudaRims/PROD_cropped/train/Denom/86b49a6s-1920.jpg,Denom,train,0
/home/dudalypas/projects/DudaRims/PROD_cropped/val/Denom/33dad72s-960.jpg,Denom,val,1
/home/dudalypas/projects/DudaRims/PROD_cropped/train/Denom/44439131.jpg,Denom,train,2
/home/dudalypas/projects/DudaRims/PROD_cropped/train/Denom/5ofcgUFYNExbUtIQTV_o-thm4f8-1920.jpg,Denom,train,0
/home/dudalypas/projects/DudaRims/PROD_cropped/train/Denom/Denom_16.jpg,Denom,train,1
/home/dudalypas/projects/DudaRims/PROD_cropped/train/Denom/dD6fgF8_VigaxtoPpTKbR52cRas-960.jpg,Denom,train,2
/home/dudalypas/projects/DudaRims/PROD_cropped/train/Denom/WBKIde637CJHkdMRwB5XXicj7_M-960.jpg,Denom,train,0
/home/dudalypas/projects/DudaRims/PROD_cropped/train/Denom/zQP6DfgSVQUWDCN1KyguESnc4bk-1920.jpg,Denom,train,1
/home/dudalypas/projects/DudaRims/PROD_cropped/train/Denom/Denom_12.jpg,Denom,train,2
/home/dudalypas/projects/DudaRims/PROD_cropped/train/Denom/Denom_43.jpg,Denom,train,0
/home/dudalypas/projects/DudaRims/PROD_cropped/train/Denom/MTN0V4tanU06ELv1tMlgZwg7YI4-960.jpg,Denom,train,1
/home/dudalypas/projects/DudaRims/PROD_cropped/train/Denom/UqIULqbZ-WZWI-X2ZyhVHFSXft4-960.jpg,Denom,train,2
/home/dudalypas/projects/DudaRims/PROD_cropped/train/Denom/Denom_40.jpg,Denom,train,0
/home/dudalypas/projects/DudaRims/PROD_cropped/train/Denom/Iu_MJPy4POJUgB7fvncRKO5_pSY-960.jpg,Denom,train,1
/home/dudalypas/projects/DudaRims/PROD_cropped/train/Denom/5b0ac51s-960.jpg,Denom,train,2
/home/dudalypas/projects/DudaRims/PROD_cropped/train/Denom/Denom_4.jpg,Denom,train,0
/home/dudalypas/projects/DudaRims/PROD_cropped/train/Denom/4a6423es-960.jpg,Denom,train,1
/home/dudalypas/projects/DudaRims/PROD_cropped/train/Denom/5b7b2500b261ff614e733e14.jpg,Denom,train,2
/home/dudalypas/projects/DudaRims/PROD_cropped/train/Denom/Denom_33.jpg,Denom,train,0
/home/dudalypas/projects/DudaRims/PROD_cropped/train/Denom/1581443091844_bulletin.jpg,Denom,train,1
/home/dudalypas/projects/DudaRims/PROD_cropped/train/Denom/Denom_22.jpg,Denom,train,2
/home/dudalypas/projects/DudaRims/PROD_cropped/train/Denom/Denom_68.jpg,Denom,train,0
/home/dudalypas/projects/DudaRims/PROD_cropped/train/Denom/n3ojS9KU5k9JlmzX8FBQ5vdZDGA-960.jpg,Denom,train,1
/home/dudalypas/projects/DudaRims/PROD_cropped/train/Denom/1200x900n.jpg,Denom,train,2
/home/dudalypas/projects/DudaRims/PROD_cropped/train/Denom/5de2629380e08ecc00692217.jpg,Denom,train,0
/home/dudalypas/projects/DudaRims/PROD_cropped/train/Denom/9EAAAgN8KOA-1920.jpg,Denom,train,1
/home/dudalypas/projects/DudaRims/PROD_cropped/train/Denom/Denom_45.jpg,Denom,train,2
/home/dudalypas/projects/DudaRims/PROD_cropped/train/Denom/SF7xiYDElbpCN7ZQdE4toRCfqqo-960.jpg,Denom,train,0
/home/dudalypas/projects/DudaRims/PROD_cropped/train/Denom/79634a5s-1920.jpg,Denom,train,1
/home/dudalypas/projects/DudaRims/PROD_cropped/train/Denom/Denom_62.jpg,Denom,train,2
/home/dudalypas/projects/DudaRims/PROD_cropped/train/Denom/6e78252s-960.jpg,Denom,train,0
/home/dudalypas/projects/DudaRims/PROD_cropped/train/Denom/8e14099s-1920.jpg,Denom,train,1
/home/dudalypas/projects/DudaRims/PROD_cropped/train/Denom/5de262941bee2bd7e5137d02.jpg,Denom,train,2
/home/dudalypas/projects/DudaRims/PROD_cropped/train/Denom/xsAAAgL9OOA-1920.jpg,Denom,train,0
/home/dudalypas/projects/DudaRims/PROD_cropped/train/Denom/Denom_71.jpg,Denom,train,1
/home/dudalypas/projects/DudaRims/PROD_cropped/train/Denom/28bc8a1s-1920.jpg,Denom,train,2
/home/dudalypas/projects/DudaRims/PROD_cropped/train/Denom/16625438463011053430322517039136.jpg,Denom,train,0
/home/dudalypas/projects/DudaRims/PROD_cropped/train/Denom/SagAAgClj-A-960.jpg,Denom,train,1
/home/dudalypas/projects/DudaRims/PROD_cropped/train/Denom/UHoHfAqdxL8boxtqORbUaBLmbjk-960.jpg,Denom,train,2
/home/dudalypas/projects/DudaRims/PROD_cropped/train/Denom/97c9399s-960.jpg,Denom,train,0
/home/dudalypas/projects/DudaRims/PROD_cropped/train/Denom/Denom_81.jpg,Denom,train,1
/home/dudalypas/projects/DudaRims/PROD_cropped/train/Denom/1200x90440n.jpg,Denom,train,2
/home/dudalypas/projects/DudaRims/PROD_cropped/val/Denom/Denom_50.jpg,Denom,val,0
/home/dudalypas/projects/DudaRims/PROD_cropped/train/Denom/Denom_82.jpg,Denom,train,1
/home/dudalypas/projects/DudaRims/PROD_cropped/train/Denom/TZw1sPcnKGw1gVf7Ej-i7tddBSg-960.jpg,Denom,train,2
/home/dudalypas/projects/DudaRims/PROD_cropped/train/Denom/Denom_3.jpg,Denom,train,0
/home/dudalypas/projects/DudaRims/PROD_cropped/train/Denom/P9GsI0kmX218vfIrPqWywCStWxY-1920.jpg,Denom,train,1
/home/dudalypas/projects/DudaRims/PROD_cropped/train/Denom/1572878275641_bulletin.jpg,Denom,train,2
/home/dudalypas/projects/DudaRims/PROD_cropped/val/Denom/666739093_1401328985227233_1271603176540794376_n.jpg,Denom,val,0
/home/dudalypas/projects/DudaRims/PROD_cropped/train/Denom/uCKlGIt0Pkx8Nc4CoMnqe36iSpY-960.jpg,Denom,train,1
/home/dudalypas/projects/DudaRims/PROD_cropped/val/Denom/Denom_9.jpg,Denom,val,2
/home/dudalypas/projects/DudaRims/PROD_cropped/train/Denom/SYKWCxXo7VJuSsmtpkA0eznr6B0-1920.jpg,Denom,train,0
/home/dudalypas/projects/DudaRims/PROD_cropped/train/Denom/SWt3Q_H64CpNNNbrEEVhkDUP53Q-960.jpg,Denom,train,1
/home/dudalypas/projects/DudaRims/PROD_cropped/train/Denom/Denom_14.jpg,Denom,train,2
/home/dudalypas/projects/DudaRims/PROD_cropped/train/Denom/f38cc51s-1920.jpg,Denom,train,0
/home/dudalypas/projects/DudaRims/PROD_cropped/train/Denom/Denom_49.jpg,Denom,train,1
/home/dudalypas/projects/DudaRims/PROD_cropped/train/Denom/skoda-octavia-universalas-2015 (1).jpg,Denom,train,2
/home/dudalypas/projects/DudaRims/PROD_cropped/train/Denom/Denom_53.jpg,Denom,train,0
/home/dudalypas/projects/DudaRims/PROD_cropped/train/Denom/Denom_66.jpg,Denom,train,1
/home/dudalypas/projects/DudaRims/PROD_cropped/train/Denom/9aJg1539SlLtbauWOY9vBATgr6Q-1920.jpg,Denom,train,2
/home/dudalypas/projects/DudaRims/PROD_cropped/train/Denom/dmo92ytpayWeaL-p_ecFTEXxWSg-1920.jpg,Denom,train,0
/home/dudalypas/projects/DudaRims/PROD_cropped/val/Denom/1d0ed31s-1920.jpg,Denom,val,1
/home/dudalypas/projects/DudaRims/PROD_cropped/train/Denom/Denom_25.jpg,Denom,train,2
/home/dudalypas/projects/DudaRims/PROD_cropped/train/Denom/26UM6PZV.jpg,Denom,train,0
/home/dudalypas/projects/DudaRims/PROD_cropped/train/Denom/_1Fn0SS6lD2s7Pw2QkcTqP3_aEg-1920.jpg,Denom,train,1
/home/dudalypas/projects/DudaRims/PROD_cropped/train/Denom/664970856_1925579491430086_8609921396604296952_n.jpg,Denom,train,2
/home/dudalypas/projects/DudaRims/PROD_cropped/train/Denom/630c8d5ddebdaa53be2df361-1.jpg,Denom,train,0
/home/dudalypas/projects/DudaRims/PROD_cropped/train/Denom/5I3SBEIoi56RoWWecOo53dTQdaQ-480.jpg,Denom,train,1
/home/dudalypas/projects/DudaRims/PROD_cropped/train/Denom/3443779s-960.jpg,Denom,train,2
/home/dudalypas/projects/DudaRims/PROD_cropped/train/Denom/Denom_29.jpg,Denom,train,0
/home/dudalypas/projects/DudaRims/PROD_cropped/train/Denom/D3uiVgw_Rojlm53efhV0jgZBcxY-1920.jpg,Denom,train,1
/home/dudalypas/projects/DudaRims/PROD_cropped/train/Denom/asAAAgPHr-A-1920.jpg,Denom,train,2
/home/dudalypas/projects/DudaRims/PROD_cropped/train/Denom/Denom_76.jpg,Denom,train,0
/home/dudalypas/projects/DudaRims/PROD_cropped/val/Denom/k3C8gUSH5tzgTx2Ax2Vt8nmWf5w-960.jpg,Denom,val,1
/home/dudalypas/projects/DudaRims/PROD_cropped/train/Denom/b6a43e6s-960.jpg,Denom,train,2
/home/dudalypas/projects/DudaRims/PROD_cropped/train/Denom/MMAAAgDF2OA-960.jpg,Denom,train,0
/home/dudalypas/projects/DudaRims/PROD_cropped/train/Denom/d43864c90df075c94489ddbe4ca5ffe920e1d9219bdee0b3e731ad5057ae4696.jpg,Denom,train,1
/home/dudalypas/projects/DudaRims/PROD_cropped/train/Denom/xrhrrWFsLNIbytED2CFM0969xRE-1920.jpg,Denom,train,2
/home/dudalypas/projects/DudaRims/PROD_cropped/train/Denom/Denom_8.jpg,Denom,train,0
/home/dudalypas/projects/DudaRims/PROD_cropped/train/Denom/eQ-UdtwDeUvjVJzahYllLAbq_go-1920.jpg,Denom,train,1
/home/dudalypas/projects/DudaRims/PROD_cropped/train/Denom/678252s-960.jpg,Denom,train,2
/home/dudalypas/projects/DudaRims/PROD_cropped/train/Gemini/Gemini_14.jpg,Gemini,train,0
/home/dudalypas/projects/DudaRims/PROD_cropped/train/Gemini/Gemini_34.jpg,Gemini,train,1
/home/dudalypas/projects/DudaRims/PROD_cropped/train/Gemini/train_Gemini_0091.jpg,Gemini,train,2
/home/dudalypas/projects/DudaRims/PROD_cropped/train/Gemini/train_Gemini_0087.jpg,Gemini,train,0
/home/dudalypas/projects/DudaRims/PROD_cropped/val/Gemini/a_M7qpXv1cWmv0JHYDy2quQphBc-1920.jpg,Gemini,val,1
/home/dudalypas/projects/DudaRims/PROD_cropped/train/Gemini/a7bc14as-960.jpg,Gemini,train,2
/home/dudalypas/projects/DudaRims/PROD_cropped/val/Gemini/VEAAAgISruA-1920.jpg,Gemini,val,0
/home/dudalypas/projects/DudaRims/PROD_cropped/train/Gemini/95a2caes-1920.jpg,Gemini,train,1
/home/dudalypas/projects/DudaRims/PROD_cropped/train/Gemini/Gemini_6.jpg,Gemini,train,2
/home/dudalypas/projects/DudaRims/PROD_cropped/val/Gemini/Felga-Skoda-Octavia-RS-5E0601025-7-5x18-ET51.jpg,Gemini,val,0
/home/dudalypas/projects/DudaRims/PROD_cropped/train/Gemini/Gemini_32.jpg,Gemini,train,1
/home/dudalypas/projects/DudaRims/PROD_cropped/train/Gemini/512497cs-960.jpg,Gemini,train,2
/home/dudalypas/projects/DudaRims/PROD_cropped/train/Gemini/train_Gemini_0086.jpg,Gemini,train,0
/home/dudalypas/projects/DudaRims/PROD_cropped/train/Gemini/X32P2Ky-3pCxJ6UFpi7psdnrfG4-960.jpg,Gemini,train,1
/home/dudalypas/projects/DudaRims/PROD_cropped/train/Gemini/427ab1ds-1920.jpg,Gemini,train,2
/home/dudalypas/projects/DudaRims/PROD_cropped/train/Gemini/cedc962s-960.jpg,Gemini,train,0
/home/dudalypas/projects/DudaRims/PROD_cropped/val/Gemini/fm6P89lulU4QUkvLi4uHx-LsGaI-1920.jpg,Gemini,val,1
/home/dudalypas/projects/DudaRims/PROD_cropped/train/Gemini/Screenshot_20190911-153546_1.jpg.92c66ed47b3f58e7236adecad485f7d0.jpg,Gemini,train,2
/home/dudalypas/projects/DudaRims/PROD_cropped/val/Gemini/train_Gemini_0027.jpg,Gemini,val,0
/home/dudalypas/projects/DudaRims/PROD_cropped/train/Gemini/YhAPWqaJfXK_OEqweaPWeVYoXzw-1920.jpg,Gemini,train,1
/home/dudalypas/projects/DudaRims/PROD_cropped/train/Gemini/9UPUOnTRRTr6hGfFBrH4_NOnvQg-1920.jpg,Gemini,train,2
/home/dudalypas/projects/DudaRims/PROD_cropped/train/Gemini/Gemini_19.jpg,Gemini,train,0
/home/dudalypas/projects/DudaRims/PROD_cropped/train/Gemini/5iAAAgIRGuA-1920.jpg,Gemini,train,1
/home/dudalypas/projects/DudaRims/PROD_cropped/train/Gemini/Gemini_40.jpg,Gemini,train,2
/home/dudalypas/projects/DudaRims/PROD_cropped/train/Gemini/train_Gemini_0066.jpg,Gemini,train,0
/home/dudalypas/projects/DudaRims/PROD_cropped/train/Gemini/train_Gemini_0002.jpg,Gemini,train,1
/home/dudalypas/projects/DudaRims/PROD_cropped/train/Gemini/train_Gemini_0096.jpg,Gemini,train,2
/home/dudalypas/projects/DudaRims/PROD_cropped/train/Gemini/Gemini_48.jpg,Gemini,train,0
/home/dudalypas/projects/DudaRims/PROD_cropped/train/Gemini/21a2caes-960.jpg,Gemini,train,1
/home/dudalypas/projects/DudaRims/PROD_cropped/train/Gemini/train_Gemini_0026.jpg,Gemini,train,2
/home/dudalypas/projects/DudaRims/PROD_cropped/train/Gemini/ufHJCaQLv6ZD59eQ72-eR4hRe-o-960.jpg,Gemini,train,0
/home/dudalypas/projects/DudaRims/PROD_cropped/train/Gemini/66feds-960.jpg,Gemini,train,1
/home/dudalypas/projects/DudaRims/PROD_cropped/train/Gemini/h2vXmlF.jpg,Gemini,train,2
/home/dudalypas/projects/DudaRims/PROD_cropped/train/Gemini/655439367_2032620867605019_8727727819829829649_n.jpg,Gemini,train,0
/home/dudalypas/projects/DudaRims/PROD_cropped/train/Gemini/324524286_alyuminievyie-kolesnyie-diski-skoda-5e0-18-5x112-et51.jpg,Gemini,train,1
/home/dudalypas/projects/DudaRims/PROD_cropped/train/Gemini/train_Gemini_0092.jpg,Gemini,train,2
/home/dudalypas/projects/DudaRims/PROD_cropped/train/Gemini/8AAAAgFjw-A-1920.jpg,Gemini,train,0
/home/dudalypas/projects/DudaRims/PROD_cropped/train/Gemini/train_Gemini_0070.jpg,Gemini,train,1
/home/dudalypas/projects/DudaRims/PROD_cropped/train/Gemini/ksVvX1QIKo1ai5ipF9gzZStwt6Y-1920.jpg,Gemini,train,2
/home/dudalypas/projects/DudaRims/PROD_cropped/train/Gemini/KOMPLET-FELG-SKODA-OCTAVIA-II-III-5E-5E0-18-18-GEMINI-5E0601025AJ.jpg,Gemini,train,0
/home/dudalypas/projects/DudaRims/PROD_cropped/train/Gemini/492505963_10161315944970592_4021310887644182013_n.jpg,Gemini,train,1
/home/dudalypas/projects/DudaRims/PROD_cropped/train/Gemini/Gemini_1.jpg,Gemini,train,2
/home/dudalypas/projects/DudaRims/PROD_cropped/train/Gemini/Gemini_5.jpg,Gemini,train,0
/home/dudalypas/projects/DudaRims/PROD_cropped/train/Gemini/abb84a6s-960.jpg,Gemini,train,1
/home/dudalypas/projects/DudaRims/PROD_cropped/train/Gemini/oMAAAgDOq-A-1920.jpg,Gemini,train,2
/home/dudalypas/projects/DudaRims/PROD_cropped/train/Gemini/Oryginalne-Felgi-Skoda-18-Skoda-Superb-Octavia-Audi-VW-Golf-Seat-Leon.jpg,Gemini,train,0
/home/dudalypas/projects/DudaRims/PROD_cropped/train/Gemini/Gemini_18.jpg,Gemini,train,1
/home/dudalypas/projects/DudaRims/PROD_cropped/val/Gemini/DQ_jr_6YEb5N4RfdGX6E0m10YcE-1920.jpg,Gemini,val,2
/home/dudalypas/projects/DudaRims/PROD_cropped/train/Gemini/bf7d7a6s-960.jpg,Gemini,train,0
/home/dudalypas/projects/DudaRims/PROD_cropped/train/Gemini/train_Gemini_0025.jpg,Gemini,train,1
/home/dudalypas/projects/DudaRims/PROD_cropped/train/Gemini/diski-r18-na-skoda-octavia-a7.jpg,Gemini,train,2
/home/dudalypas/projects/DudaRims/PROD_cropped/train/Gemini/Gemini_2.jpg,Gemini,train,0
/home/dudalypas/projects/DudaRims/PROD_cropped/val/Gemini/train_Gemini_0083.jpg,Gemini,val,1
/home/dudalypas/projects/DudaRims/PROD_cropped/val/Gemini/train_Gemini_0085.jpg,Gemini,val,2
/home/dudalypas/projects/DudaRims/PROD_cropped/train/Gemini/hEjd0a_bieZe1Rlhax4HFv1bZEI-960.jpg,Gemini,train,0
/home/dudalypas/projects/DudaRims/PROD_cropped/train/Gemini/train_Gemini_0093.jpg,Gemini,train,1
/home/dudalypas/projects/DudaRims/PROD_cropped/train/Gemini/Gemini_30.jpg,Gemini,train,2
/home/dudalypas/projects/DudaRims/PROD_cropped/train/Gemini/Gemini_16.jpg,Gemini,train,0
/home/dudalypas/projects/DudaRims/PROD_cropped/train/Gemini/bb85bas-960.jpg,Gemini,train,1
/home/dudalypas/projects/DudaRims/PROD_cropped/train/Gemini/train_Gemini_0094.jpg,Gemini,train,2
/home/dudalypas/projects/DudaRims/PROD_cropped/train/Gemini/Gemini_12.jpg,Gemini,train,0
/home/dudalypas/projects/DudaRims/PROD_cropped/train/Gemini/481c2s-960.jpg,Gemini,train,1
/home/dudalypas/projects/DudaRims/PROD_cropped/train/Gemini/1200x900.jpg,Gemini,train,2
/home/dudalypas/projects/DudaRims/PROD_cropped/train/Gemini/WL9JdBryhQQXZFIKUSRpTZNLrs8-1920.jpg,Gemini,train,0
/home/dudalypas/projects/DudaRims/PROD_cropped/train/Gemini/train_Gemini_0021.jpg,Gemini,train,1
/home/dudalypas/projects/DudaRims/PROD_cropped/train/Gemini/Tn2t8Ns2qqirO_ykYefR4ljkmZc-1920.jpg,Gemini,train,2
/home/dudalypas/projects/DudaRims/PROD_cropped/val/Gemini/6ac2c4ds-960.jpg,Gemini,val,0
/home/dudalypas/projects/DudaRims/PROD_cropped/train/Gemini/train_Gemini_0064.jpg,Gemini,train,1
/home/dudalypas/projects/DudaRims/PROD_cropped/val/Gemini/Gemini_11.jpg,Gemini,val,2
/home/dudalypas/projects/DudaRims/PROD_cropped/train/Gemini/train_Gemini_0022.jpg,Gemini,train,0
/home/dudalypas/projects/DudaRims/PROD_cropped/train/Gemini/b5865623151836dcacbb82c5f640d5b0.jpg,Gemini,train,1
/home/dudalypas/projects/DudaRims/PROD_cropped/train/Gemini/427ab1ds-960.jpg,Gemini,train,2
/home/dudalypas/projects/DudaRims/PROD_cropped/train/Gemini/1200x900 (7).jpg,Gemini,train,0
/home/dudalypas/projects/DudaRims/PROD_cropped/val/Gemini/train_Gemini_0019.jpg,Gemini,val,1
/home/dudalypas/projects/DudaRims/PROD_cropped/train/Gemini/e38f24ds-960.jpg,Gemini,train,2
/home/dudalypas/projects/DudaRims/PROD_cropped/train/Gemini/oAL33Pbcu2f_d74B326XXoLtoTI-960.jpg,Gemini,train,0
/home/dudalypas/projects/DudaRims/PROD_cropped/train/Gemini/uwAAAgLEquA-960.jpg,Gemini,train,1
/home/dudalypas/projects/DudaRims/PROD_cropped/train/Gemini/Kj6RoVYitlaoALOFBbU8CkAA5f8-1920.jpg,Gemini,train,2
/home/dudalypas/projects/DudaRims/PROD_cropped/train/Gemini/train_Gemini_0009.jpg,Gemini,train,0
/home/dudalypas/projects/DudaRims/PROD_cropped/train/Gemini/Gemini_41.jpg,Gemini,train,1
/home/dudalypas/projects/DudaRims/PROD_cropped/val/Gemini/iYoKxmk7gr1H0IlUawJv5pBc59s-1920.jpg,Gemini,val,2
/home/dudalypas/projects/DudaRims/PROD_cropped/val/Gemini/train_Gemini_0007.jpg,Gemini,val,0
/home/dudalypas/projects/DudaRims/PROD_cropped/train/Hawk/train_Hawk_0052.jpg,Hawk,train,0
/home/dudalypas/projects/DudaRims/PROD_cropped/train/Hawk/res_3b46a42e4a6d47fc2fc9bd3acb13fc3c.jpg,Hawk,train,1
/home/dudalypas/projects/DudaRims/PROD_cropped/val/Hawk/41unJv588Ec_hzls0BUqywpkBzc-960.jpg,Hawk,val,2
/home/dudalypas/projects/DudaRims/PROD_cropped/train/Hawk/cf55ab4s-960.jpg,Hawk,train,0
/home/dudalypas/projects/DudaRims/PROD_cropped/train/Hawk/train_Hawk_0019.jpg,Hawk,train,1
/home/dudalypas/projects/DudaRims/PROD_cropped/train/Hawk/test_Hawk_0024.jpg,Hawk,train,2
/home/dudalypas/projects/DudaRims/PROD_cropped/train/Hawk/train_Hawk_0059.jpg,Hawk,train,0
/home/dudalypas/projects/DudaRims/PROD_cropped/train/Hawk/Hawk_48.jpg,Hawk,train,1
/home/dudalypas/projects/DudaRims/PROD_cropped/train/Hawk/train_Hawk_0021.jpg,Hawk,train,2
/home/dudalypas/projects/DudaRims/PROD_cropped/train/Hawk/train_Hawk_0024.jpg,Hawk,train,0
/home/dudalypas/projects/DudaRims/PROD_cropped/val/Hawk/train_Hawk_0025.jpg,Hawk,val,1
/home/dudalypas/projects/DudaRims/PROD_cropped/train/Hawk/Hawk_19.jpg,Hawk,train,2
/home/dudalypas/projects/DudaRims/PROD_cropped/train/Hawk/674404625_994196206617648_630409972699137683_n.jpg,Hawk,train,0
/home/dudalypas/projects/DudaRims/PROD_cropped/train/Hawk/train_Hawk_0058.jpg,Hawk,train,1
/home/dudalypas/projects/DudaRims/PROD_cropped/train/Hawk/Hawk_7.jpg,Hawk,train,2
/home/dudalypas/projects/DudaRims/PROD_cropped/train/Hawk/8d1e1c2s-960.jpg,Hawk,train,0
/home/dudalypas/projects/DudaRims/PROD_cropped/train/Hawk/65a1d46s-1920.jpg,Hawk,train,1
/home/dudalypas/projects/DudaRims/PROD_cropped/train/Hawk/d3ec594s-960.jpg,Hawk,train,2
/home/dudalypas/projects/DudaRims/PROD_cropped/train/Hawk/51b39ads-960.jpg,Hawk,train,0
/home/dudalypas/projects/DudaRims/PROD_cropped/train/Hawk/Hawk_32.jpg,Hawk,train,1
/home/dudalypas/projects/DudaRims/PROD_cropped/train/Hawk/Hawk_41.jpg,Hawk,train,2
/home/dudalypas/projects/DudaRims/PROD_cropped/train/Hawk/train_Hawk_0060.jpg,Hawk,train,0
/home/dudalypas/projects/DudaRims/PROD_cropped/val/Hawk/d66a654s-960.jpg,Hawk,val,1
/home/dudalypas/projects/DudaRims/PROD_cropped/train/Hawk/train_Hawk_0087.jpg,Hawk,train,2
/home/dudalypas/projects/DudaRims/PROD_cropped/train/Hawk/train_Hawk_0062.jpg,Hawk,train,0
/home/dudalypas/projects/DudaRims/PROD_cropped/train/Hawk/288689330_skoda-oktaviya-5e0-superb-iii-7x17-et49-5e0601025bq.jpg,Hawk,train,1
/home/dudalypas/projects/DudaRims/PROD_cropped/val/Hawk/train_Hawk_0030.jpg,Hawk,val,2
/home/dudalypas/projects/DudaRims/PROD_cropped/val/Hawk/train_Hawk_0061.jpg,Hawk,val,0
/home/dudalypas/projects/DudaRims/PROD_cropped/val/Hawk/train_Hawk_0023.jpg,Hawk,val,1
/home/dudalypas/projects/DudaRims/PROD_cropped/train/Hawk/test_Hawk_0016.jpg,Hawk,train,2
/home/dudalypas/projects/DudaRims/PROD_cropped/train/Hawk/DSAAAgHJ32A-1920.jpg,Hawk,train,0
/home/dudalypas/projects/DudaRims/PROD_cropped/val/Hawk/test_Hawk_0015.jpg,Hawk,val,1
/home/dudalypas/projects/DudaRims/PROD_cropped/val/Hawk/3c8145s-960.jpg,Hawk,val,2
/home/dudalypas/projects/DudaRims/PROD_cropped/train/Hawk/train_Hawk_0089.jpg,Hawk,train,0
/home/dudalypas/projects/DudaRims/PROD_cropped/train/Hawk/train_Hawk_0094.jpg,Hawk,train,1
/home/dudalypas/projects/DudaRims/PROD_cropped/val/Hawk/train_Hawk_0085.jpg,Hawk,val,2
/home/dudalypas/projects/DudaRims/PROD_cropped/train/Hawk/Hawk_44.jpg,Hawk,train,0
/home/dudalypas/projects/DudaRims/PROD_cropped/train/Hawk/train_Hawk_0034.jpg,Hawk,train,1
/home/dudalypas/projects/DudaRims/PROD_cropped/train/Hawk/train_Hawk_0031.jpg,Hawk,train,2
/home/dudalypas/projects/DudaRims/PROD_cropped/train/Hawk/train_Hawk_0095.jpg,Hawk,train,0
/home/dudalypas/projects/DudaRims/PROD_cropped/train/Hawk/60ru84txMhQ15G124.jpg,Hawk,train,1
/home/dudalypas/projects/DudaRims/PROD_cropped/train/Hawk/20191002_140144.jpg,Hawk,train,2
/home/dudalypas/projects/DudaRims/PROD_cropped/train/Hawk/Hawk_9.jpg,Hawk,train,0
/home/dudalypas/projects/DudaRims/PROD_cropped/train/Hawk/25d37c4s-960.jpg,Hawk,train,1
/home/dudalypas/projects/DudaRims/PROD_cropped/train/Hawk/5fb33c005d849e4c83194d60-1.jpg,Hawk,train,2
/home/dudalypas/projects/DudaRims/PROD_cropped/train/Hawk/train_Hawk_0057.jpg,Hawk,train,0
/home/dudalypas/projects/DudaRims/PROD_cropped/train/Hawk/SKODA-OCTAVIA-III-5E0-FELGA-ALUMINIOWA-17-ET49.jpg,Hawk,train,1
/home/dudalypas/projects/DudaRims/PROD_cropped/train/Hawk/train_Hawk_0051.jpg,Hawk,train,2
/home/dudalypas/projects/DudaRims/PROD_cropped/train/Hawk/KOLA-ALUFELGI-SKODA-OCTAVI-III-3-5E0-5E0601025AE-Lato.jpg,Hawk,train,0
/home/dudalypas/projects/DudaRims/PROD_cropped/train/Hawk/831cd3cs-960.jpg,Hawk,train,1
/home/dudalypas/projects/DudaRims/PROD_cropped/train/Hawk/hGPVVv4RRQJ8SU4QlMRxJdkf2IE-1920.jpg,Hawk,train,2
/home/dudalypas/projects/DudaRims/PROD_cropped/val/Hawk/test_Hawk_0025.jpg,Hawk,val,0
/home/dudalypas/projects/DudaRims/PROD_cropped/train/Hawk/Hawk_26.jpg,Hawk,train,1
/home/dudalypas/projects/DudaRims/PROD_cropped/train/Hawk/b69e1c2s-960.jpg,Hawk,train,2
/home/dudalypas/projects/DudaRims/PROD_cropped/train/Hawk/9d38aaas-960.jpg,Hawk,train,0
/home/dudalypas/projects/DudaRims/PROD_cropped/train/Hawk/Hawk_17.jpg,Hawk,train,1
/home/dudalypas/projects/DudaRims/PROD_cropped/train/Hawk/a7518c6s-960.jpg,Hawk,train,2
/home/dudalypas/projects/DudaRims/PROD_cropped/train/Hawk/test_Hawk_0007.jpg,Hawk,train,0
/home/dudalypas/projects/DudaRims/PROD_cropped/train/Hawk/6f66ag4k410-960.jpg,Hawk,train,1
/home/dudalypas/projects/DudaRims/PROD_cropped/train/Hawk/Hawk_8.jpg,Hawk,train,2
/home/dudalypas/projects/DudaRims/PROD_cropped/train/Hawk/train_Hawk_0001.jpg,Hawk,train,0
/home/dudalypas/projects/DudaRims/PROD_cropped/train/Hawk/train_Hawk_0022.jpg,Hawk,train,1
/home/dudalypas/projects/DudaRims/PROD_cropped/train/Hawk/train_Hawk_0086.jpg,Hawk,train,2
/home/dudalypas/projects/DudaRims/PROD_cropped/val/Hawk/maxresdefault.jpg,Hawk,val,0
/home/dudalypas/projects/DudaRims/PROD_cropped/train/Hawk/train_Hawk_0047.jpg,Hawk,train,1
/home/dudalypas/projects/DudaRims/PROD_cropped/val/Hawk/train_Hawk_0033.jpg,Hawk,val,2
/home/dudalypas/projects/DudaRims/PROD_cropped/val/Hawk/Hawk_30.jpg,Hawk,val,0
/home/dudalypas/projects/DudaRims/PROD_cropped/train/Hawk/train_Hawk_0050.jpg,Hawk,train,1
/home/dudalypas/projects/DudaRims/PROD_cropped/train/Hawk/Hawk_20.jpg,Hawk,train,2
/home/dudalypas/projects/DudaRims/PROD_cropped/train/Hawk/Hawk_21.jpg,Hawk,train,0
/home/dudalypas/projects/DudaRims/PROD_cropped/train/Hawk/ot7C0opuWeBhgijCXDDgf-DT6V9GuDyYbrNeFdyEw1nhKGchdkHJQxk5Nb1cg3I4RCWNyAXs0qEuy6avkLUtguDegp7BLEe9NcY-llQz5X39jqpOWuI4xXTxDRvfj6llxFATGFtyuGdlEXy5C9Ahdgx11ZM_gMThdaiQrp2HL8GA-dPdjmQT1Fa9cvdYGupA7.jpg,Hawk,train,1
/home/dudalypas/projects/DudaRims/PROD_cropped/train/Hawk/train_Hawk_0002.jpg,Hawk,train,2
/home/dudalypas/projects/DudaRims/PROD_cropped/train/Hawk/Hawk_51.jpg,Hawk,train,0
/home/dudalypas/projects/DudaRims/PROD_cropped/train/Hawk/1200x900.jpg,Hawk,train,1
/home/dudalypas/projects/DudaRims/PROD_cropped/train/Hawk/AmAAAgL7a-A-960.jpg,Hawk,train,2
/home/dudalypas/projects/DudaRims/PROD_cropped/train/Hawk/cb0148ds-1920.jpg,Hawk,train,0
/home/dudalypas/projects/DudaRims/PROD_cropped/train/Hawk/Hawk_10.jpg,Hawk,train,1
/home/dudalypas/projects/DudaRims/PROD_cropped/train/Hawk/Hawk_28.jpg,Hawk,train,2
/home/dudalypas/projects/DudaRims/PROD_cropped/train/Ilias/Ilias_44.jpg,Ilias,train,0
/home/dudalypas/projects/DudaRims/PROD_cropped/val/Ilias/WHEEL22_C02_train_f058_camA.jpg,Ilias,val,1
/home/dudalypas/projects/DudaRims/PROD_cropped/train/Ilias/59f9ae90074b3e77111b5cb4.jpg,Ilias,train,2
/home/dudalypas/projects/DudaRims/PROD_cropped/train/Ilias/Ilias_14.jpg,Ilias,train,0
/home/dudalypas/projects/DudaRims/PROD_cropped/train/Ilias/Ilias_89.jpg,Ilias,train,1
/home/dudalypas/projects/DudaRims/PROD_cropped/train/Ilias/vGC0O8Q6x5vhU3Xuc_-XGlM-TGI-960.jpg,Ilias,train,2
/home/dudalypas/projects/DudaRims/PROD_cropped/train/Ilias/Ilias_87.jpg,Ilias,train,0
/home/dudalypas/projects/DudaRims/PROD_cropped/train/Ilias/skoda-octavia-tdi-universalas-2019.jpg,Ilias,train,1
/home/dudalypas/projects/DudaRims/PROD_cropped/train/Ilias/Ilias_17.jpg,Ilias,train,2
/home/dudalypas/projects/DudaRims/PROD_cropped/train/Ilias/Ilias_50.jpg,Ilias,train,0
/home/dudalypas/projects/DudaRims/PROD_cropped/train/Ilias/672202984_974544655039392_8951090435449025849_n.jpg,Ilias,train,1
/home/dudalypas/projects/DudaRims/PROD_cropped/val/Ilias/Ilias_98.jpg,Ilias,val,2
/home/dudalypas/projects/DudaRims/PROD_cropped/train/Ilias/1111.jpg,Ilias,train,0
/home/dudalypas/projects/DudaRims/PROD_cropped/train/Ilias/VwFzeuayT1814lG4.jpg,Ilias,train,1
/home/dudalypas/projects/DudaRims/PROD_cropped/train/Ilias/WHEEL22_C02_train_f048_camB.jpg,Ilias,train,2
/home/dudalypas/projects/DudaRims/PROD_cropped/train/Ilias/Ilias_121.jpg,Ilias,train,0
/home/dudalypas/projects/DudaRims/PROD_cropped/train/Ilias/Ilias_155.jpg,Ilias,train,1
/home/dudalypas/projects/DudaRims/PROD_cropped/train/Ilias/gUnIKiVPdbGSXOgMHQbk7E_pLDQ-960.jpg,Ilias,train,2
/home/dudalypas/projects/DudaRims/PROD_cropped/val/Ilias/KG5KK-h9LsHxr7oAV6IiboOjOwo-960.jpg,Ilias,val,0
/home/dudalypas/projects/DudaRims/PROD_cropped/train/Ilias/Ilias_11.jpg,Ilias,train,1
/home/dudalypas/projects/DudaRims/PROD_cropped/train/Ilias/Ilias_79.jpg,Ilias,train,2
/home/dudalypas/projects/DudaRims/PROD_cropped/train/Ilias/992fl70m0wg5o4muba1qdxi0h07bmx84.jpg,Ilias,train,0
/home/dudalypas/projects/DudaRims/PROD_cropped/train/Ilias/Ilias_40.jpg,Ilias,train,1
/home/dudalypas/projects/DudaRims/PROD_cropped/train/Ilias/1715728434953_brief2x.jpg,Ilias,train,2
/home/dudalypas/projects/DudaRims/PROD_cropped/val/Ilias/Ilias_60.jpg,Ilias,val,0
/home/dudalypas/projects/DudaRims/PROD_cropped/train/Ilias/e25d5e2s-960.jpg,Ilias,train,1
/home/dudalypas/projects/DudaRims/PROD_cropped/train/Ilias/Ilias_57.jpg,Ilias,train,2
/home/dudalypas/projects/DudaRims/PROD_cropped/train/Ilias/Ilias_147.jpg,Ilias,train,0
/home/dudalypas/projects/DudaRims/PROD_cropped/train/Ilias/Ilias_5.jpg,Ilias,train,1
/home/dudalypas/projects/DudaRims/PROD_cropped/train/Ilias/Ilias_80.jpg,Ilias,train,2
/home/dudalypas/projects/DudaRims/PROD_cropped/val/Ilias/Ilias_42.jpg,Ilias,val,0
/home/dudalypas/projects/DudaRims/PROD_cropped/train/Ilias/eRFfFHmr9-_stHaS84OoS4tn_Nk-960.jpg,Ilias,train,1
/home/dudalypas/projects/DudaRims/PROD_cropped/train/Ilias/Ilias_74.jpg,Ilias,train,2
/home/dudalypas/projects/DudaRims/PROD_cropped/train/Ilias/Ilias_75.jpg,Ilias,train,0
/home/dudalypas/projects/DudaRims/PROD_cropped/train/Ilias/skoda-octavia-iii-universalas-2016.jpg,Ilias,train,1
/home/dudalypas/projects/DudaRims/PROD_cropped/train/Ilias/Ilias_85.jpg,Ilias,train,2
/home/dudalypas/projects/DudaRims/PROD_cropped/train/Ilias/5bea5bd0a09cd596345b2995.jpg,Ilias,train,0
/home/dudalypas/projects/DudaRims/PROD_cropped/train/Ilias/Ilias_140.jpg,Ilias,train,1
/home/dudalypas/projects/DudaRims/PROD_cropped/train/Ilias/img-1717447647-58f676d2b1d8.jpg,Ilias,train,2
/home/dudalypas/projects/DudaRims/PROD_cropped/train/Ilias/Ilias_157.jpg,Ilias,train,0
/home/dudalypas/projects/DudaRims/PROD_cropped/train/Ilias/6f47a804k114-1920.jpg,Ilias,train,1
/home/dudalypas/projects/DudaRims/PROD_cropped/train/Ilias/Ilias_76.jpg,Ilias,train,2
/home/dudalypas/projects/DudaRims/PROD_cropped/train/Ilias/1tUFS9lI9H79aLaCzK81q5KahF4-1920.jpg,Ilias,train,0
/home/dudalypas/projects/DudaRims/PROD_cropped/train/Ilias/Ilias_26.jpg,Ilias,train,1
/home/dudalypas/projects/DudaRims/PROD_cropped/train/Ilias/Ilias_81.jpg,Ilias,train,2
/home/dudalypas/projects/DudaRims/PROD_cropped/val/Ilias/Ilias_113.jpg,Ilias,val,0
/home/dudalypas/projects/DudaRims/PROD_cropped/val/Ilias/y8jqjne58ehkIg3p2ziDyWGPi2I-1920.jpg,Ilias,val,1
/home/dudalypas/projects/DudaRims/PROD_cropped/train/Ilias/333.jpg,Ilias,train,2
/home/dudalypas/projects/DudaRims/PROD_cropped/train/Ilias/WHEEL22_C02_train_f060_camA.jpg,Ilias,train,0
/home/dudalypas/projects/DudaRims/PROD_cropped/train/Ilias/Ilias_45.jpg,Ilias,train,1
/home/dudalypas/projects/DudaRims/PROD_cropped/val/Ilias/Ilias_43.jpg,Ilias,val,2
/home/dudalypas/projects/DudaRims/PROD_cropped/val/Ilias/Ilias_34.jpg,Ilias,val,0
/home/dudalypas/projects/DudaRims/PROD_cropped/train/Ilias/Ilias_144.jpg,Ilias,train,1
/home/dudalypas/projects/DudaRims/PROD_cropped/val/Ilias/Ilias_138.jpg,Ilias,val,2
/home/dudalypas/projects/DudaRims/PROD_cropped/train/Ilias/Ilias_139.jpg,Ilias,train,0
/home/dudalypas/projects/DudaRims/PROD_cropped/train/Ilias/Ilias_20.jpg,Ilias,train,1
/home/dudalypas/projects/DudaRims/PROD_cropped/train/Ilias/Ilias_36.jpg,Ilias,train,2
/home/dudalypas/projects/DudaRims/PROD_cropped/train/Ilias/Ilias_24.jpg,Ilias,train,0
/home/dudalypas/projects/DudaRims/PROD_cropped/train/Ilias/Ilias_65.jpg,Ilias,train,1
/home/dudalypas/projects/DudaRims/PROD_cropped/val/Ilias/Ilias_150.jpg,Ilias,val,2
/home/dudalypas/projects/DudaRims/PROD_cropped/train/Ilias/Ilias_8.jpg,Ilias,train,0
/home/dudalypas/projects/DudaRims/PROD_cropped/train/Ilias/Ilias_126.jpg,Ilias,train,1
/home/dudalypas/projects/DudaRims/PROD_cropped/train/Ilias/1-prodam-novyie-16-originalnyie-diski-na-shkodu.jpg,Ilias,train,2
/home/dudalypas/projects/DudaRims/PROD_cropped/train/Ilias/Ilias_9.jpg,Ilias,train,0
/home/dudalypas/projects/DudaRims/PROD_cropped/train/Ilias/Ilias_135.jpg,Ilias,train,1
/home/dudalypas/projects/DudaRims/PROD_cropped/train/Ilias/Ilias_151.jpg,Ilias,train,2
/home/dudalypas/projects/DudaRims/PROD_cropped/train/Ilias/Ilias_125.jpg,Ilias,train,0
/home/dudalypas/projects/DudaRims/PROD_cropped/train/Ilias/5bea5bbdf2350288fd11b19d.jpg,Ilias,train,1
/home/dudalypas/projects/DudaRims/PROD_cropped/train/Ilias/skoda-octavia-superb-r-16-5-112-200e.jpg,Ilias,train,2
/home/dudalypas/projects/DudaRims/PROD_cropped/train/Ilias/Ilias_84.jpg,Ilias,train,0
/home/dudalypas/projects/DudaRims/PROD_cropped/train/Ilias/Ilias_3.jpg,Ilias,train,1
/home/dudalypas/projects/DudaRims/PROD_cropped/train/Ilias/Ilias_48.jpg,Ilias,train,2
/home/dudalypas/projects/DudaRims/PROD_cropped/train/Ilias/Ilias_145.jpg,Ilias,train,0
/home/dudalypas/projects/DudaRims/PROD_cropped/train/Ilias/at15uExdb6CSZ3JQ7cvW.jpg,Ilias,train,1
/home/dudalypas/projects/DudaRims/PROD_cropped/train/Ilias/Ilias_4.jpg,Ilias,train,2
/home/dudalypas/projects/DudaRims/PROD_cropped/train/Ilias/Ilias_2.jpg,Ilias,train,0
/home/dudalypas/projects/DudaRims/PROD_cropped/val/Ilias/412434.jpg,Ilias,val,1
/home/dudalypas/projects/DudaRims/PROD_cropped/train/Ilias/zX6Tf0F4ZpfCxquK97v5GYzogXU-1920.jpg,Ilias,train,2
/home/dudalypas/projects/DudaRims/PROD_cropped/val/Ilias/Ilias_148.jpg,Ilias,val,0
/home/dudalypas/projects/DudaRims/PROD_cropped/train/Ilias/Ilias_46.jpg,Ilias,train,1
/home/dudalypas/projects/DudaRims/PROD_cropped/val/Ilias/Ilias_128.jpg,Ilias,val,2
/home/dudalypas/projects/DudaRims/PROD_cropped/train/Ilias/WHEEL22_C02_train_f057_camA.jpg,Ilias,train,0
/home/dudalypas/projects/DudaRims/PROD_cropped/train/Ilias/Ilias_112.jpg,Ilias,train,1
/home/dudalypas/projects/DudaRims/PROD_cropped/train/Ilias/Ilias_158.jpg,Ilias,train,2
/home/dudalypas/projects/DudaRims/PROD_cropped/train/Ilias/185750861_disk-kolesnyiy-16quot-skoda-octavia-2013-5e0601025h.jpg,Ilias,train,0
/home/dudalypas/projects/DudaRims/PROD_cropped/val/Ilias/uY7x4hxLTwT5tBcg6PgDd0EyvHY-1920.jpg,Ilias,val,1
/home/dudalypas/projects/DudaRims/PROD_cropped/train/Ilias/Ilias_51.jpg,Ilias,train,2
/home/dudalypas/projects/DudaRims/PROD_cropped/train/Mytikas/Mytikas_Black_42.jpg,Mytikas,train,0
/home/dudalypas/projects/DudaRims/PROD_cropped/train/Mytikas/Mytikas_57.jpg,Mytikas,train,1
/home/dudalypas/projects/DudaRims/PROD_cropped/train/Mytikas/Mytikas_Black_11.jpg,Mytikas,train,2
/home/dudalypas/projects/DudaRims/PROD_cropped/train/Mytikas/1e564574-8c51-4b9d-b34b-0dfa464674ad_6d4e1bbd-ed66-4732-a0ff-223a3bee153e.jpg,Mytikas,train,0
/home/dudalypas/projects/DudaRims/PROD_cropped/train/Mytikas/Mytikas_Black_13.jpg,Mytikas,train,1
/home/dudalypas/projects/DudaRims/PROD_cropped/train/Mytikas/Mytikas_13.jpg,Mytikas,train,2
/home/dudalypas/projects/DudaRims/PROD_cropped/train/Mytikas/test_Mytikas_Black_0021.jpg,Mytikas,train,0
/home/dudalypas/projects/DudaRims/PROD_cropped/train/Mytikas/train_Mytikas_Black_0041.jpg,Mytikas,train,1
/home/dudalypas/projects/DudaRims/PROD_cropped/train/Mytikas/Mytikas_24.jpg,Mytikas,train,2
/home/dudalypas/projects/DudaRims/PROD_cropped/train/Mytikas/Mytikas_61.jpg,Mytikas,train,0
/home/dudalypas/projects/DudaRims/PROD_cropped/train/Mytikas/train_Mytikas_Black_0040.jpg,Mytikas,train,1
/home/dudalypas/projects/DudaRims/PROD_cropped/train/Mytikas/train_Mytikas_0051.jpg,Mytikas,train,2
/home/dudalypas/projects/DudaRims/PROD_cropped/train/Mytikas/96ecd22c-9990-4704-8e96-90eded47c8f1_204f2458-197b-446f-ba3e-8ecbe5bb8826.jpg,Mytikas,train,0
/home/dudalypas/projects/DudaRims/PROD_cropped/train/Mytikas/Mytikas_Black_47.jpg,Mytikas,train,1
/home/dudalypas/projects/DudaRims/PROD_cropped/val/Mytikas/yIAAAgL8K-A-1920.jpg,Mytikas,val,2
/home/dudalypas/projects/DudaRims/PROD_cropped/train/Mytikas/94f2561b-9a5f-42e6-86f9-8a5f74259352_4df4283a-7740-4d94-a38b-3c8761ddb666.jpg,Mytikas,train,0
/home/dudalypas/projects/DudaRims/PROD_cropped/val/Mytikas/train_Mytikas_0046.jpg,Mytikas,val,1
/home/dudalypas/projects/DudaRims/PROD_cropped/train/Mytikas/6adedcad-a233-4718-8bca-d1e3e647cc36_2bf21687-f9b4-4cb9-ac23-204e91c54069.jpg,Mytikas,train,2
/home/dudalypas/projects/DudaRims/PROD_cropped/train/Mytikas/0f9a1d23-6b9a-43e6-a155-f93a673100c9_4bafcf4f-3c51-4fb7-b71a-200913473ab3.jpg,Mytikas,train,0
/home/dudalypas/projects/DudaRims/PROD_cropped/train/Mytikas/Mytikas_Black_12.jpg,Mytikas,train,1
/home/dudalypas/projects/DudaRims/PROD_cropped/train/Mytikas/train_Mytikas_0040.jpg,Mytikas,train,2
/home/dudalypas/projects/DudaRims/PROD_cropped/train/Mytikas/train_Mytikas_0039.jpg,Mytikas,train,0
/home/dudalypas/projects/DudaRims/PROD_cropped/val/Mytikas/train_Mytikas_0050.jpg,Mytikas,val,1
/home/dudalypas/projects/DudaRims/PROD_cropped/train/Mytikas/skoda-kodiaq-visureigis--krosoveris-2024 (1).jpg,Mytikas,train,2
/home/dudalypas/projects/DudaRims/PROD_cropped/val/Mytikas/Mytikas_Black_14.jpg,Mytikas,val,0
/home/dudalypas/projects/DudaRims/PROD_cropped/train/Mytikas/Mytikas_Black_33.jpg,Mytikas,train,1
/home/dudalypas/projects/DudaRims/PROD_cropped/train/Mytikas/j0AAAgJS6OA-1920.jpg,Mytikas,train,2
/home/dudalypas/projects/DudaRims/PROD_cropped/train/Mytikas/Mytikas_74.jpg,Mytikas,train,0
/home/dudalypas/projects/DudaRims/PROD_cropped/train/Mytikas/Mytikas_42.jpg,Mytikas,train,1
/home/dudalypas/projects/DudaRims/PROD_cropped/train/Mytikas/65e3OH4ctRMvrgmQYZm2KqiaBnY-960.jpg,Mytikas,train,2
/home/dudalypas/projects/DudaRims/PROD_cropped/train/Mytikas/train_Mytikas_0044.jpg,Mytikas,train,0
/home/dudalypas/projects/DudaRims/PROD_cropped/train/Mytikas/176a7310-b0ad-4ba7-af7b-9901544b35dd_b8d9202a-3015-45e9-950b-6917237b760d.jpg,Mytikas,train,1
/home/dudalypas/projects/DudaRims/PROD_cropped/train/Mytikas/Mytikas_Black_25.jpg,Mytikas,train,2
/home/dudalypas/projects/DudaRims/PROD_cropped/train/Mytikas/94f2561b-9a5f-42e6-86f9-8a5f74259352_1e5922bb-a2ab-4550-b48f-85dcb01365c4.jpg,Mytikas,train,0
/home/dudalypas/projects/DudaRims/PROD_cropped/train/Mytikas/Mytikas_50.jpg,Mytikas,train,1
/home/dudalypas/projects/DudaRims/PROD_cropped/train/Mytikas/XgAAAgOJHeA-1920.jpg,Mytikas,train,2
/home/dudalypas/projects/DudaRims/PROD_cropped/val/Mytikas/Mytikas_Black_7.jpg,Mytikas,val,0
/home/dudalypas/projects/DudaRims/PROD_cropped/train/Mytikas/2wuTx4rjcubTYqeIaY10OAOnfD4-1920.jpg,Mytikas,train,1
/home/dudalypas/projects/DudaRims/PROD_cropped/train/Mytikas/Mytikas_Black_10.jpg,Mytikas,train,2
/home/dudalypas/projects/DudaRims/PROD_cropped/train/Mytikas/test_Mytikas_Black_0025.jpg,Mytikas,train,0
/home/dudalypas/projects/DudaRims/PROD_cropped/train/Mytikas/train_Mytikas_Black_0042.jpg,Mytikas,train,1
/home/dudalypas/projects/DudaRims/PROD_cropped/train/Mytikas/image.jpg,Mytikas,train,2
/home/dudalypas/projects/DudaRims/PROD_cropped/train/Mytikas/train_Mytikas_0042.jpg,Mytikas,train,0
/home/dudalypas/projects/DudaRims/PROD_cropped/train/Mytikas/304ae555-2f27-4f1d-8bde-a45d2f725506_48f74cdf-1aa0-46c9-ac0f-cb78afdf68ad.jpg,Mytikas,train,1
/home/dudalypas/projects/DudaRims/PROD_cropped/train/Mytikas/6c51d890-6daa-4a94-b9c1-c205f9119822_d148308c-713d-4547-be35-991fd6ee4204.jpg,Mytikas,train,2
/home/dudalypas/projects/DudaRims/PROD_cropped/train/Mytikas/1200x900 (4).jpg,Mytikas,train,0
/home/dudalypas/projects/DudaRims/PROD_cropped/val/Mytikas/Mytikas_Black_29.jpg,Mytikas,val,1
/home/dudalypas/projects/DudaRims/PROD_cropped/train/Mytikas/Mytikas_36.jpg,Mytikas,train,2
/home/dudalypas/projects/DudaRims/PROD_cropped/train/Mytikas/Mytikas_Black_36.jpg,Mytikas,train,0
/home/dudalypas/projects/DudaRims/PROD_cropped/train/Mytikas/7653675181.jpg,Mytikas,train,1
/home/dudalypas/projects/DudaRims/PROD_cropped/val/Mytikas/skoda-kodiaq-visureigis--krosoveris-2018.jpg,Mytikas,val,2
/home/dudalypas/projects/DudaRims/PROD_cropped/val/Mytikas/Mytikas_Black_17.jpg,Mytikas,val,0
/home/dudalypas/projects/DudaRims/PROD_cropped/train/Mytikas/Mytikas_14.jpg,Mytikas,train,1
/home/dudalypas/projects/DudaRims/PROD_cropped/train/Mytikas/train_Mytikas_0048.jpg,Mytikas,train,2
/home/dudalypas/projects/DudaRims/PROD_cropped/val/Mytikas/ucAAAgH83eA-960.jpg,Mytikas,val,0
/home/dudalypas/projects/DudaRims/PROD_cropped/train/Mytikas/Mytikas_73.jpg,Mytikas,train,1
/home/dudalypas/projects/DudaRims/PROD_cropped/train/Mytikas/Mytikas_Black_3.jpg,Mytikas,train,2
/home/dudalypas/projects/DudaRims/PROD_cropped/train/Mytikas/Mytikas_Black_21.jpg,Mytikas,train,0
/home/dudalypas/projects/DudaRims/PROD_cropped/train/Mytikas/0750858f-cd2d-4215-80ea-70ca553a3331_162fc47b-e2c2-4bf0-8f65-87f0cf6562f7.jpg,Mytikas,train,1
/home/dudalypas/projects/DudaRims/PROD_cropped/train/Mytikas/Mytikas_30.jpg,Mytikas,train,2
/home/dudalypas/projects/DudaRims/PROD_cropped/val/Mytikas/Mytikas_Black_51.jpg,Mytikas,val,0
/home/dudalypas/projects/DudaRims/PROD_cropped/train/Mytikas/train_Mytikas_0045.jpg,Mytikas,train,1
/home/dudalypas/projects/DudaRims/PROD_cropped/train/Mytikas/Mytikas_Black_52.jpg,Mytikas,train,2
/home/dudalypas/projects/DudaRims/PROD_cropped/train/Mytikas/Mytikas_44.jpg,Mytikas,train,0
/home/dudalypas/projects/DudaRims/PROD_cropped/val/Mytikas/Mytikas_Black_45.jpg,Mytikas,val,1
/home/dudalypas/projects/DudaRims/PROD_cropped/train/Mytikas/Mytikas_48.jpg,Mytikas,train,2
/home/dudalypas/projects/DudaRims/PROD_cropped/train/Mytikas/Mytikas_71.jpg,Mytikas,train,0
/home/dudalypas/projects/DudaRims/PROD_cropped/train/Mytikas/train_Mytikas_0054.jpg,Mytikas,train,1
/home/dudalypas/projects/DudaRims/PROD_cropped/train/Mytikas/Mytikas_49.jpg,Mytikas,train,2
/home/dudalypas/projects/DudaRims/PROD_cropped/train/Mytikas/train_Mytikas_0052.jpg,Mytikas,train,0
/home/dudalypas/projects/DudaRims/PROD_cropped/train/Mytikas/Mytikas_62.jpg,Mytikas,train,1
/home/dudalypas/projects/DudaRims/PROD_cropped/train/Mytikas/Mytikas_23.jpg,Mytikas,train,2
/home/dudalypas/projects/DudaRims/PROD_cropped/train/Mytikas/Mytikas_Black_37.jpg,Mytikas,train,0
/home/dudalypas/projects/DudaRims/PROD_cropped/train/Mytikas/Mytikas_33.jpg,Mytikas,train,1
/home/dudalypas/projects/DudaRims/PROD_cropped/train/Mytikas/Mytikas_Black_24.jpg,Mytikas,train,2
/home/dudalypas/projects/DudaRims/PROD_cropped/train/Mytikas/Mytikas_58.jpg,Mytikas,train,0
/home/dudalypas/projects/DudaRims/PROD_cropped/train/Mytikas/2199.jpg,Mytikas,train,1
/home/dudalypas/projects/DudaRims/PROD_cropped/train/Mytikas/Mytikas_38.jpg,Mytikas,train,2
/home/dudalypas/projects/DudaRims/PROD_cropped/train/Mytikas/0f9a1d23-6b9a-43e6-a155-f93a673100c9_087aee2a-e2f9-4993-a7bf-844b42769c41 (1).jpg,Mytikas,train,0
/home/dudalypas/projects/DudaRims/PROD_cropped/val/Mytikas/train_Mytikas_0043.jpg,Mytikas,val,1
/home/dudalypas/projects/DudaRims/PROD_cropped/train/Mytikas/ydwOjuaqspmkyrB99pKojYihLlw-960.jpg,Mytikas,train,2
/home/dudalypas/projects/DudaRims/PROD_cropped/train/Mytikas/Mytikas_65.jpg,Mytikas,train,0
/home/dudalypas/projects/DudaRims/PROD_cropped/train/Mytikas/Mytikas_31.jpg,Mytikas,train,1
/home/dudalypas/projects/DudaRims/PROD_cropped/val/Mytikas/Mytikas_Black_40.jpg,Mytikas,val,2
/home/dudalypas/projects/DudaRims/PROD_cropped/train/Nivalis/image.jpg,Nivalis,train,0
/home/dudalypas/projects/DudaRims/PROD_cropped/train/Nivalis/Nivalis_53.jpg,Nivalis,train,1
/home/dudalypas/projects/DudaRims/PROD_cropped/train/Nivalis/i6324459598.jpg,Nivalis,train,2
/home/dudalypas/projects/DudaRims/PROD_cropped/val/Nivalis/Nivalis_2.jpg,Nivalis,val,0
/home/dudalypas/projects/DudaRims/PROD_cropped/train/Nivalis/4XlNfL-uQXe8Kn6JbwQJVtRGdaA-960.jpg,Nivalis,train,1
/home/dudalypas/projects/DudaRims/PROD_cropped/train/Nivalis/3494049614fe44139a2db923c4630f21.jpg,Nivalis,train,2
/home/dudalypas/projects/DudaRims/PROD_cropped/train/Nivalis/XD6F1wtarTWRoJer.jpg,Nivalis,train,0
/home/dudalypas/projects/DudaRims/PROD_cropped/train/Nivalis/original-skoda-alu-felge-17-rupe-5x112-ljetnim-pirelli-gumama-slika-216068930.jpg,Nivalis,train,1
/home/dudalypas/projects/DudaRims/PROD_cropped/train/Nivalis/train_Nivalis_0058.jpg,Nivalis,train,2
/home/dudalypas/projects/DudaRims/PROD_cropped/train/Nivalis/Iv9-QykF2y6Fzq69_-q-9v2dlFM-960.jpg,Nivalis,train,0
/home/dudalypas/projects/DudaRims/PROD_cropped/train/Nivalis/482319532_1068137935347863_2662311467057220633_n.jpg,Nivalis,train,1
/home/dudalypas/projects/DudaRims/PROD_cropped/val/Nivalis/3052721_1024.jpg,Nivalis,val,2
/home/dudalypas/projects/DudaRims/PROD_cropped/train/Nivalis/Nivalis_35.jpg,Nivalis,train,0
/home/dudalypas/projects/DudaRims/PROD_cropped/train/Nivalis/train_Nivalis_0096.jpg,Nivalis,train,1
/home/dudalypas/projects/DudaRims/PROD_cropped/train/Nivalis/SKODA-OCTAVIA-III-FELGA-7-x-17-ET45-5E0601025T.jpg,Nivalis,train,2
/home/dudalypas/projects/DudaRims/PROD_cropped/train/Nivalis/742b659s-1920.jpg,Nivalis,train,0
/home/dudalypas/projects/DudaRims/PROD_cropped/train/Nivalis/aea608as-480.jpg,Nivalis,train,1
/home/dudalypas/projects/DudaRims/PROD_cropped/train/Nivalis/Nivalis_49.jpg,Nivalis,train,2
/home/dudalypas/projects/DudaRims/PROD_cropped/train/Nivalis/Nivalis_13.jpg,Nivalis,train,0
/home/dudalypas/projects/DudaRims/PROD_cropped/train/Nivalis/484006803_4052304471757690_3567242115462418565_n.jpg,Nivalis,train,1
/home/dudalypas/projects/DudaRims/PROD_cropped/train/Nivalis/fb845bfa-4915-4c62-afe6-e7466ab17bcd.jpg,Nivalis,train,2
/home/dudalypas/projects/DudaRims/PROD_cropped/train/Nivalis/8vsctun2llfnaiixn9ecv68u5zzuzkxf.jpg,Nivalis,train,0
/home/dudalypas/projects/DudaRims/PROD_cropped/train/Nivalis/b97526df-d30b-46b5-9b88-6d0d2e56c728.jpg,Nivalis,train,1
/home/dudalypas/projects/DudaRims/PROD_cropped/val/Nivalis/train_Nivalis_0056.jpg,Nivalis,val,2
/home/dudalypas/projects/DudaRims/PROD_cropped/train/Nivalis/dfcac3340ec648b0bf58d158af720563.jpg,Nivalis,train,0
/home/dudalypas/projects/DudaRims/PROD_cropped/val/Nivalis/95f1b0d8087248039ca047cc81c54147.jpg,Nivalis,val,1
/home/dudalypas/projects/DudaRims/PROD_cropped/val/Nivalis/image (1).jpg,Nivalis,val,2
/home/dudalypas/projects/DudaRims/PROD_cropped/val/Nivalis/4bf90as-960.jpg,Nivalis,val,0
/home/dudalypas/projects/DudaRims/PROD_cropped/val/Nivalis/Qjrf9MJ4zxeEcTda9jLFUuTzVoo-1920.jpg,Nivalis,val,1
/home/dudalypas/projects/DudaRims/PROD_cropped/train/Nivalis/649179798_3441115869411189_6675071312365101531_n.jpg,Nivalis,train,2
/home/dudalypas/projects/DudaRims/PROD_cropped/train/Nivalis/8_skoda_octavia_scout.jpg,Nivalis,train,0
/home/dudalypas/projects/DudaRims/PROD_cropped/train/Nivalis/Nivalis_50.jpg,Nivalis,train,1
/home/dudalypas/projects/DudaRims/PROD_cropped/train/Nivalis/Nivalis_44.jpg,Nivalis,train,2
/home/dudalypas/projects/DudaRims/PROD_cropped/train/Nivalis/train_Nivalis_0064.jpg,Nivalis,train,0
/home/dudalypas/projects/DudaRims/PROD_cropped/train/Nivalis/train_Nivalis_0005.jpg,Nivalis,train,1
/home/dudalypas/projects/DudaRims/PROD_cropped/train/Nivalis/Nivalis_23.jpg,Nivalis,train,2
/home/dudalypas/projects/DudaRims/PROD_cropped/train/Nivalis/platisca-original-skoda-scout-7jx17-luknje-5x112-kolicina-4-slika-27364129.jpg,Nivalis,train,0
/home/dudalypas/projects/DudaRims/PROD_cropped/train/Nivalis/2976025.jpg,Nivalis,train,1
/home/dudalypas/projects/DudaRims/PROD_cropped/train/Nivalis/Nivalis_27.jpg,Nivalis,train,2
/home/dudalypas/projects/DudaRims/PROD_cropped/train/Nivalis/5366fcae01424b0589ccd2b5b199b56a.jpg,Nivalis,train,0
/home/dudalypas/projects/DudaRims/PROD_cropped/train/Nivalis/SKODA-OCTAVIA-III-SCOUT-ALUFELGA-17-CALI-7Jx17-ET45-5x112.jpg,Nivalis,train,1
/home/dudalypas/projects/DudaRims/PROD_cropped/train/Nivalis/bf3366cdcd094ce194653489737c4c19.jpg,Nivalis,train,2
/home/dudalypas/projects/DudaRims/PROD_cropped/train/Nivalis/294892693_skoda-oktaviya-iii-koleso-17x7-et45-5e0601025t.jpg,Nivalis,train,0
/home/dudalypas/projects/DudaRims/PROD_cropped/train/Nivalis/asdasdasdd.jpg,Nivalis,train,1
/home/dudalypas/projects/DudaRims/PROD_cropped/train/Nivalis/492367476_1247356357389964_1765063384942754382_n.jpg,Nivalis,train,2
/home/dudalypas/projects/DudaRims/PROD_cropped/train/Nivalis/216807411.jpg,Nivalis,train,0
/home/dudalypas/projects/DudaRims/PROD_cropped/train/Nivalis/1405869948_skocsc30_53bad3f24ed75.jpg,Nivalis,train,1
/home/dudalypas/projects/DudaRims/PROD_cropped/train/Nivalis/SnÃ­mka-obrazovky-2024-09-11-o-9.14.05.jpg,Nivalis,train,2
/home/dudalypas/projects/DudaRims/PROD_cropped/train/Nivalis/Nivalis_4.jpg,Nivalis,train,0
/home/dudalypas/projects/DudaRims/PROD_cropped/train/Nivalis/487081977_1656933371631078_3925711819207261987_n.jpg,Nivalis,train,1
/home/dudalypas/projects/DudaRims/PROD_cropped/train/Nivalis/96f16dc5-d69a-4005-bec2-f244289a84c8.jpg,Nivalis,train,2
/home/dudalypas/projects/DudaRims/PROD_cropped/train/Nivalis/258903ef-1f6f-4827-b079-f135876f00c6@default.jpg,Nivalis,train,0
/home/dudalypas/projects/DudaRims/PROD_cropped/train/Nivalis/Nivalis_1.jpg,Nivalis,train,1
/home/dudalypas/projects/DudaRims/PROD_cropped/train/Nivalis/train_Nivalis_0012.jpg,Nivalis,train,2
/home/dudalypas/projects/DudaRims/PROD_cropped/train/Nivalis/train_Nivalis_0066.jpg,Nivalis,train,0
/home/dudalypas/projects/DudaRims/PROD_cropped/val/Nivalis/Nivalis_43.jpg,Nivalis,val,1
/home/dudalypas/projects/DudaRims/PROD_cropped/train/Nivalis/Nivalis_11.jpg,Nivalis,train,2
/home/dudalypas/projects/DudaRims/PROD_cropped/train/Nivalis/Nivalis_33.jpg,Nivalis,train,0
/home/dudalypas/projects/DudaRims/PROD_cropped/train/Nivalis/AxuWd1t9Zs9gbE7UVLzK6zNNQqc-960.jpg,Nivalis,train,1
/home/dudalypas/projects/DudaRims/PROD_cropped/train/Nivalis/Nivalis_12.jpg,Nivalis,train,2
/home/dudalypas/projects/DudaRims/PROD_cropped/train/Nivalis/f6d51e9s-480.jpg,Nivalis,train,0
/home/dudalypas/projects/DudaRims/PROD_cropped/train/Nivalis/Nivalis_24.jpg,Nivalis,train,1
/home/dudalypas/projects/DudaRims/PROD_cropped/train/Nivalis/train_Nivalis_0004.jpg,Nivalis,train,2
/home/dudalypas/projects/DudaRims/PROD_cropped/train/Nivalis/train_Nivalis_0055.jpg,Nivalis,train,0
/home/dudalypas/projects/DudaRims/PROD_cropped/train/Nivalis/Nivalis_26.jpg,Nivalis,train,1
/home/dudalypas/projects/DudaRims/PROD_cropped/train/Nivalis/6428bfca7200b30161163c6c-1.jpg,Nivalis,train,2
/home/dudalypas/projects/DudaRims/PROD_cropped/train/Nivalis/skoda-octavia-scout-2-0-tdi-4x4-navi.jpg,Nivalis,train,0
/home/dudalypas/projects/DudaRims/PROD_cropped/train/Ratikon/1200x900 (5).jpg,Ratikon,train,0
/home/dudalypas/projects/DudaRims/PROD_cropped/train/Ratikon/Ratikon_12.jpg,Ratikon,train,1
/home/dudalypas/projects/DudaRims/PROD_cropped/train/Ratikon/tnPy6ImwNziTX8nh-JY9-vv_DdUNXzfc9p8-eZJ_cR-dI96dPy_n9bx2E4JEq2u9s9YfTx1zFmh9jyVA5ZLDAWZkNO7coeNoxU-Mp-9C-L98LI2QjljrkL-SZTeY9ugVE2oYDqj7cqd7IsYVGLA74CoODp6Ib0x6KZ9xku6O0hXyJKI4gXxzuBVegbHyFjSr.jpg,Ratikon,train,2
/home/dudalypas/projects/DudaRims/PROD_cropped/train/Ratikon/train_Ratikon_0082.jpg,Ratikon,train,0
/home/dudalypas/projects/DudaRims/PROD_cropped/train/Ratikon/555.jpg,Ratikon,train,1
/home/dudalypas/projects/DudaRims/PROD_cropped/train/Ratikon/JSAAAgKOBuA-960.jpg,Ratikon,train,2
/home/dudalypas/projects/DudaRims/PROD_cropped/train/Ratikon/Ratikon_38.jpg,Ratikon,train,0
/home/dudalypas/projects/DudaRims/PROD_cropped/train/Ratikon/train_Ratikon_0022.jpg,Ratikon,train,1
/home/dudalypas/projects/DudaRims/PROD_cropped/val/Ratikon/skoda-karoq-visureigis--krosovheris-2019.jpg,Ratikon,val,2
/home/dudalypas/projects/DudaRims/PROD_cropped/train/Ratikon/Ratikon_44.jpg,Ratikon,train,0
/home/dudalypas/projects/DudaRims/PROD_cropped/train/Ratikon/Ratikon_3.jpg,Ratikon,train,1
/home/dudalypas/projects/DudaRims/PROD_cropped/val/Ratikon/Ratikon_4.jpg,Ratikon,val,2
/home/dudalypas/projects/DudaRims/PROD_cropped/train/Ratikon/train_Ratikon_0074.jpg,Ratikon,train,0
/home/dudalypas/projects/DudaRims/PROD_cropped/train/Ratikon/Ratikon_86.jpg,Ratikon,train,1
/home/dudalypas/projects/DudaRims/PROD_cropped/train/Ratikon/d43864c90df075c94489ddbe4ca5ffe94a7b3668fc18fa6e27c32c6f7498f0f9.jpg,Ratikon,train,2
/home/dudalypas/projects/DudaRims/PROD_cropped/train/Ratikon/Ratikon_77.jpg,Ratikon,train,0
/home/dudalypas/projects/DudaRims/PROD_cropped/val/Ratikon/train_Ratikon_0088.jpg,Ratikon,val,1
/home/dudalypas/projects/DudaRims/PROD_cropped/train/Ratikon/qKAAAgHS_eA-960.jpg,Ratikon,train,2
/home/dudalypas/projects/DudaRims/PROD_cropped/train/Ratikon/VlAAAgPFSuA-960.jpg,Ratikon,train,0
/home/dudalypas/projects/DudaRims/PROD_cropped/train/Ratikon/image.jpg,Ratikon,train,1
/home/dudalypas/projects/DudaRims/PROD_cropped/train/Ratikon/Ratikon_59.jpg,Ratikon,train,2
/home/dudalypas/projects/DudaRims/PROD_cropped/train/Ratikon/Ratikon_48.jpg,Ratikon,train,0
/home/dudalypas/projects/DudaRims/PROD_cropped/train/Ratikon/Ratikon_11.jpg,Ratikon,train,1
/home/dudalypas/projects/DudaRims/PROD_cropped/train/Ratikon/Ratikon_25.jpg,Ratikon,train,2
/home/dudalypas/projects/DudaRims/PROD_cropped/train/Ratikon/Ratikon_45.jpg,Ratikon,train,0
/home/dudalypas/projects/DudaRims/PROD_cropped/val/Ratikon/skoda-kodiaq-1-5-l-visureigis-krosoveris-2021-benzinas-15.jpg,Ratikon,val,1
/home/dudalypas/projects/DudaRims/PROD_cropped/train/Ratikon/6c8t5kLpo43K-nJrV1dZjddp1vc-960.jpg,Ratikon,train,2
/home/dudalypas/projects/DudaRims/PROD_cropped/train/Ratikon/_zYoLB405cPF4jS3J5kEe3yfpdY-1920.jpg,Ratikon,train,0
/home/dudalypas/projects/DudaRims/PROD_cropped/train/Ratikon/Ratikon_66.jpg,Ratikon,train,1
/home/dudalypas/projects/DudaRims/PROD_cropped/train/Ratikon/e6f6dadd-81f6-4a75-96da-daaedd130981_883c0028-81de-46b4-95b8-9e95a954eeb2.jpg,Ratikon,train,2
/home/dudalypas/projects/DudaRims/PROD_cropped/train/Ratikon/1200x900 (452).jpg,Ratikon,train,0
/home/dudalypas/projects/DudaRims/PROD_cropped/val/Ratikon/5e8192d80edec0402a45429893b4cc70.jpg,Ratikon,val,1
/home/dudalypas/projects/DudaRims/PROD_cropped/train/Ratikon/Ratikon_60.jpg,Ratikon,train,2
/home/dudalypas/projects/DudaRims/PROD_cropped/val/Ratikon/train_Ratikon_0080.jpg,Ratikon,val,0
/home/dudalypas/projects/DudaRims/PROD_cropped/train/Ratikon/Ratikon_96.jpg,Ratikon,train,1
/home/dudalypas/projects/DudaRims/PROD_cropped/train/Ratikon/Ratikon_83.jpg,Ratikon,train,2
/home/dudalypas/projects/DudaRims/PROD_cropped/train/Ratikon/train_Ratikon_0084.jpg,Ratikon,train,0
/home/dudalypas/projects/DudaRims/PROD_cropped/train/Ratikon/1200x900 (1).jpg,Ratikon,train,1
/home/dudalypas/projects/DudaRims/PROD_cropped/train/Ratikon/75806890-2501-0.jpg,Ratikon,train,2
/home/dudalypas/projects/DudaRims/PROD_cropped/train/Ratikon/Ratikon_5.jpg,Ratikon,train,0
/home/dudalypas/projects/DudaRims/PROD_cropped/train/Ratikon/8150782755.jpg,Ratikon,train,1
/home/dudalypas/projects/DudaRims/PROD_cropped/train/Ratikon/Ratikon_51.jpg,Ratikon,train,2
/home/dudalypas/projects/DudaRims/PROD_cropped/train/Ratikon/Ratikon_87.jpg,Ratikon,train,0
/home/dudalypas/projects/DudaRims/PROD_cropped/train/Ratikon/Ratikon_67.jpg,Ratikon,train,1
/home/dudalypas/projects/DudaRims/PROD_cropped/train/Ratikon/ETFu_49fB8HCou1ubgVbnDCvpRA-960.jpg,Ratikon,train,2
/home/dudalypas/projects/DudaRims/PROD_cropped/train/Ratikon/skoda-karoq-1-visureigis--krosoveris-2019.jpg,Ratikon,train,0
/home/dudalypas/projects/DudaRims/PROD_cropped/train/Ratikon/o-ead6a51b4201499b936ce0d637a4be21-ford_kuga_iii_r_17_lengvojo_lydinio_ratlankis___iai_.jpg,Ratikon,train,1
/home/dudalypas/projects/DudaRims/PROD_cropped/train/Ratikon/Ratikon_8.jpg,Ratikon,train,2
/home/dudalypas/projects/DudaRims/PROD_cropped/val/Ratikon/Ratikon_41.jpg,Ratikon,val,0
/home/dudalypas/projects/DudaRims/PROD_cropped/train/Ratikon/b2944b11-3730-4068-a333-5abf7b239dd6_ba3d140c-c8f4-45c4-9a96-9619ad1733d0.jpg,Ratikon,train,1
/home/dudalypas/projects/DudaRims/PROD_cropped/train/Ratikon/Ratikon_43.jpg,Ratikon,train,2
/home/dudalypas/projects/DudaRims/PROD_cropped/train/Ratikon/Ratikon_9.jpg,Ratikon,train,0
/home/dudalypas/projects/DudaRims/PROD_cropped/train/Ratikon/kXeijBua1Io9RWjYbnpZ5BfSd6c-960.jpg,Ratikon,train,1
/home/dudalypas/projects/DudaRims/PROD_cropped/train/Ratikon/Ratikon_64.jpg,Ratikon,train,2
/home/dudalypas/projects/DudaRims/PROD_cropped/val/Ratikon/846059.jpg,Ratikon,val,0
/home/dudalypas/projects/DudaRims/PROD_cropped/train/Ratikon/train_Ratikon_0089.jpg,Ratikon,train,1
/home/dudalypas/projects/DudaRims/PROD_cropped/train/Ratikon/orig.jpg,Ratikon,train,2
/home/dudalypas/projects/DudaRims/PROD_cropped/val/Ratikon/0023_35_206.jpg,Ratikon,val,0
/home/dudalypas/projects/DudaRims/PROD_cropped/train/Ratikon/N_lhWUSHdZzvLC790dmlqUKZk84-960.jpg,Ratikon,train,1
/home/dudalypas/projects/DudaRims/PROD_cropped/train/Ratikon/SkodaKaroqAWD_13.jpg,Ratikon,train,2
/home/dudalypas/projects/DudaRims/PROD_cropped/train/Ratikon/1573805089_skoda-karoq-ratikon-1.jpg,Ratikon,train,0
/home/dudalypas/projects/DudaRims/PROD_cropped/train/Ratikon/Ratikon_53.jpg,Ratikon,train,1
/home/dudalypas/projects/DudaRims/PROD_cropped/train/Ratikon/3BAAAgPFSuA-1920.jpg,Ratikon,train,2
/home/dudalypas/projects/DudaRims/PROD_cropped/train/Ratikon/Ratikon_92.jpg,Ratikon,train,0
/home/dudalypas/projects/DudaRims/PROD_cropped/train/Ratikon/Ratikon_94.jpg,Ratikon,train,1
/home/dudalypas/projects/DudaRims/PROD_cropped/val/Ratikon/mKAAAgN-NOA-960.jpg,Ratikon,val,2
/home/dudalypas/projects/DudaRims/PROD_cropped/train/Ratikon/1740682803665_brief2x.jpg,Ratikon,train,0
/home/dudalypas/projects/DudaRims/PROD_cropped/train/Ratikon/train_Ratikon_0081.jpg,Ratikon,train,1
/home/dudalypas/projects/DudaRims/PROD_cropped/train/Ratikon/296647801_disk-litoy-r17-skoda-karoq-1-nu7-do-restayling-2017-2021-57a601025f.jpg,Ratikon,train,2
/home/dudalypas/projects/DudaRims/PROD_cropped/train/Ratikon/Ratikon_82.jpg,Ratikon,train,0
/home/dudalypas/projects/DudaRims/PROD_cropped/train/Ratikon/584x438.jpg,Ratikon,train,1
/home/dudalypas/projects/DudaRims/PROD_cropped/train/Ratikon/ratikon.jpg,Ratikon,train,2
/home/dudalypas/projects/DudaRims/PROD_cropped/val/Ratikon/cxCn4qnJiiGg4QZS07nDlF8gRHc-1920.jpg,Ratikon,val,0
/home/dudalypas/projects/DudaRims/PROD_cropped/train/Ratikon/Ratikon_18.jpg,Ratikon,train,1
/home/dudalypas/projects/DudaRims/PROD_cropped/train/Ratikon/lsTKl_aEuQR0A-ccV7Oa3MRuLBc-960.jpg,Ratikon,train,2
/home/dudalypas/projects/DudaRims/PROD_cropped/train/Ratikon/Ratikon_16.jpg,Ratikon,train,0
/home/dudalypas/projects/DudaRims/PROD_cropped/train/Ratikon/Ratikon_13.jpg,Ratikon,train,1
/home/dudalypas/projects/DudaRims/PROD_cropped/val/Ratikon/yCyfqv_s1ESaf1C8o3c0TEMhSp0-960.jpg,Ratikon,val,2
/home/dudalypas/projects/DudaRims/PROD_cropped/train/Ratikon/Ratikon_28.jpg,Ratikon,train,0
/home/dudalypas/projects/DudaRims/PROD_cropped/train/Ratikon/XkAAAgIUxeA-960.jpg,Ratikon,train,1
/home/dudalypas/projects/DudaRims/PROD_cropped/val/Ratikon/train_Ratikon_0085.jpg,Ratikon,val,2
/home/dudalypas/projects/DudaRims/PROD_cropped/train/Ratikon/a62777d356c19d02add0b27b9f04ff90.jpg,Ratikon,train,0
/home/dudalypas/projects/DudaRims/PROD_cropped/train/Ratikon/train_Ratikon_0087.jpg,Ratikon,train,1
/home/dudalypas/projects/DudaRims/PROD_cropped/val/Ratikon/Ratikon_58.jpg,Ratikon,val,2
/home/dudalypas/projects/DudaRims/PROD_cropped/train/Steel_Wheel/5c23ae17f094f35396054cd5.jpg,Steel_Wheel,train,0
/home/dudalypas/projects/DudaRims/PROD_cropped/train/Steel_Wheel/1078083375.jpg,Steel_Wheel,train,1
/home/dudalypas/projects/DudaRims/PROD_cropped/train/Steel_Wheel/Steel_Wheel_35.jpg,Steel_Wheel,train,2
/home/dudalypas/projects/DudaRims/PROD_cropped/train/Steel_Wheel/Steel_Wheel_61.jpg,Steel_Wheel,train,0
/home/dudalypas/projects/DudaRims/PROD_cropped/train/Steel_Wheel/rxAAAgK_seA-960.jpg,Steel_Wheel,train,1
/home/dudalypas/projects/DudaRims/PROD_cropped/train/Steel_Wheel/7569b6cs-960.jpg,Steel_Wheel,train,2
/home/dudalypas/projects/DudaRims/PROD_cropped/train/Steel_Wheel/299106143_disk-shtampovannyiy-skoda-octavia-a7-rest-2019-5q0601027aa.jpg,Steel_Wheel,train,0
/home/dudalypas/projects/DudaRims/PROD_cropped/train/Steel_Wheel/fefce2s-960.jpg,Steel_Wheel,train,1
/home/dudalypas/projects/DudaRims/PROD_cropped/train/Steel_Wheel/Steel_Wheel_53.jpg,Steel_Wheel,train,2
/home/dudalypas/projects/DudaRims/PROD_cropped/train/Steel_Wheel/2dAAAgNSEuA-1920.jpg,Steel_Wheel,train,0
/home/dudalypas/projects/DudaRims/PROD_cropped/val/Steel_Wheel/Steel_Wheel_27.jpg,Steel_Wheel,val,1
/home/dudalypas/projects/DudaRims/PROD_cropped/val/Steel_Wheel/1200x900n.jpg,Steel_Wheel,val,2
/home/dudalypas/projects/DudaRims/PROD_cropped/train/Steel_Wheel/Steel_Wheel_24.jpg,Steel_Wheel,train,0
/home/dudalypas/projects/DudaRims/PROD_cropped/train/Steel_Wheel/82432940-dfaaa0c19516180fe56b1c8893d7f298.jpg,Steel_Wheel,train,1
/home/dudalypas/projects/DudaRims/PROD_cropped/val/Steel_Wheel/R8AAAgAdVOA-1920.jpg,Steel_Wheel,val,2
/home/dudalypas/projects/DudaRims/PROD_cropped/train/Steel_Wheel/415380327_disk-kolesnyiy-shtampovannyiy-jelezo-skoda-octavia-1u-1999-r14-5x100-6j-et38-dia57-1.jpg,Steel_Wheel,train,0
/home/dudalypas/projects/DudaRims/PROD_cropped/train/Steel_Wheel/2c6d45as-960.jpg,Steel_Wheel,train,1
/home/dudalypas/projects/DudaRims/PROD_cropped/train/Steel_Wheel/78AAAgHH2OA-1920.jpg,Steel_Wheel,train,2
/home/dudalypas/projects/DudaRims/PROD_cropped/train/Steel_Wheel/Steel_Wheel_22.jpg,Steel_Wheel,train,0
/home/dudalypas/projects/DudaRims/PROD_cropped/train/Steel_Wheel/6960497-83-0.jpg,Steel_Wheel,train,1
/home/dudalypas/projects/DudaRims/PROD_cropped/train/Steel_Wheel/213153997_disk-shtampovannyiy-r16-ot-zappaski-1-sht-r16-shirina-oboda-6-5-et-42-mm-skoda-fabia-ii-5j-2007-1j06.jpg,Steel_Wheel,train,2
/home/dudalypas/projects/DudaRims/PROD_cropped/train/Steel_Wheel/Steel_Wheel_32.jpg,Steel_Wheel,train,0
/home/dudalypas/projects/DudaRims/PROD_cropped/train/Steel_Wheel/1738190171535_bulletin.jpg,Steel_Wheel,train,1
/home/dudalypas/projects/DudaRims/PROD_cropped/train/Steel_Wheel/74494348-2279-0.jpg,Steel_Wheel,train,2
/home/dudalypas/projects/DudaRims/PROD_cropped/train/Steel_Wheel/Steel_Wheel_40.jpg,Steel_Wheel,train,0
/home/dudalypas/projects/DudaRims/PROD_cropped/train/Steel_Wheel/Steel_Wheel_1.jpg,Steel_Wheel,train,1
/home/dudalypas/projects/DudaRims/PROD_cropped/train/Steel_Wheel/egAAAgLFRuA-1920.jpg,Steel_Wheel,train,2
/home/dudalypas/projects/DudaRims/PROD_cropped/train/Steel_Wheel/af2aa79s-960.jpg,Steel_Wheel,train,0
/home/dudalypas/projects/DudaRims/PROD_cropped/train/Steel_Wheel/Steel_Wheel_15.jpg,Steel_Wheel,train,1
/home/dudalypas/projects/DudaRims/PROD_cropped/train/Steel_Wheel/5610768s-960.jpg,Steel_Wheel,train,2
/home/dudalypas/projects/DudaRims/PROD_cropped/train/Steel_Wheel/75545607-2314-0.jpg,Steel_Wheel,train,0
/home/dudalypas/projects/DudaRims/PROD_cropped/val/Steel_Wheel/_KAAAgHb0-A-960.jpg,Steel_Wheel,val,1
/home/dudalypas/projects/DudaRims/PROD_cropped/train/Steel_Wheel/63161a9e3ccafb0f610bee76-1.jpg,Steel_Wheel,train,2
/home/dudalypas/projects/DudaRims/PROD_cropped/train/Steel_Wheel/tnPy6ImwNziTX8nh-JY9-vv_DdUNXzfc9p8-eZJ_cR-dI96dPy7mNT62kUKEq2u9s9YfTx1zAGg_jfCDspND1abk9C_f9KJpBlsbJ24WbLyo7I2QjljrkL-SZTeY9ugVE2oYDqj7cqd7IsYVGLA74CoODp6Ib0x6KZ9xku6O0hXyJKI4gXxzuBVegbHy.jpg,Steel_Wheel,train,0
/home/dudalypas/projects/DudaRims/PROD_cropped/train/Steel_Wheel/eEdYzRE5WxYaChn_1qXJ36-kNNk-960.jpg,Steel_Wheel,train,1
/home/dudalypas/projects/DudaRims/PROD_cropped/train/Steel_Wheel/c3087e5s-960.jpg,Steel_Wheel,train,2
/home/dudalypas/projects/DudaRims/PROD_cropped/train/Steel_Wheel/8dd1ee8s-960.jpg,Steel_Wheel,train,0
/home/dudalypas/projects/DudaRims/PROD_cropped/train/Steel_Wheel/owCktHtaPM1odQdzow249S_gsHM-960.jpg,Steel_Wheel,train,1
/home/dudalypas/projects/DudaRims/PROD_cropped/train/Steel_Wheel/BAKXbIWBggYQvREyhbTL2JygENQ-960.jpg,Steel_Wheel,train,2
/home/dudalypas/projects/DudaRims/PROD_cropped/train/Steel_Wheel/DRZpzYDEtnNkfWyC3xtxQ5pJ8cI-1920.jpg,Steel_Wheel,train,0
/home/dudalypas/projects/DudaRims/PROD_cropped/train/Steel_Wheel/ZKAAAgMsq-A-1920.jpg,Steel_Wheel,train,1
/home/dudalypas/projects/DudaRims/PROD_cropped/train/Steel_Wheel/JAAAAgOIJeA-1920.jpg,Steel_Wheel,train,2
/home/dudalypas/projects/DudaRims/PROD_cropped/train/Steel_Wheel/maxresdefault.jpg,Steel_Wheel,train,0
/home/dudalypas/projects/DudaRims/PROD_cropped/train/Steel_Wheel/b0352dce.jpg,Steel_Wheel,train,1
/home/dudalypas/projects/DudaRims/PROD_cropped/train/Steel_Wheel/675614935_1906877160701530_3056784688559260020_n.jpg,Steel_Wheel,train,2
/home/dudalypas/projects/DudaRims/PROD_cropped/train/Steel_Wheel/638a602c56f0bf07712a9e5c-1.jpg,Steel_Wheel,train,0
/home/dudalypas/projects/DudaRims/PROD_cropped/train/Steel_Wheel/GJhL5MCAGc4Pe_-RuejkESvn6MM-960.jpg,Steel_Wheel,train,1
/home/dudalypas/projects/DudaRims/PROD_cropped/train/Steel_Wheel/A69Ue1q2QwMOaTSUuu2Yc9epO7M-1920.jpg,Steel_Wheel,train,2
/home/dudalypas/projects/DudaRims/PROD_cropped/train/Steel_Wheel/Q7Iyre5G3.jpg,Steel_Wheel,train,0
/home/dudalypas/projects/DudaRims/PROD_cropped/train/Steel_Wheel/672087386_4105629143051547_7438515995128143520_n.jpg,Steel_Wheel,train,1
/home/dudalypas/projects/DudaRims/PROD_cropped/train/Steel_Wheel/LqAAAgAFb-A-960.jpg,Steel_Wheel,train,2
/home/dudalypas/projects/DudaRims/PROD_cropped/train/Steel_Wheel/Steel_Wheel_29.jpg,Steel_Wheel,train,0
/home/dudalypas/projects/DudaRims/PROD_cropped/val/Steel_Wheel/Steel_Wheel_16.jpg,Steel_Wheel,val,1
/home/dudalypas/projects/DudaRims/PROD_cropped/train/Steel_Wheel/jlOR8MoMJHa5aHsSenHLpuVICpb3ELj7JoBsoDCt_8HvXnUFKhzVvqa1tsZ58lbUZIC_pr7-Vm3YgQtheChyvbwe.jpg,Steel_Wheel,train,2
/home/dudalypas/projects/DudaRims/PROD_cropped/train/Steel_Wheel/Steel_Wheel_8.jpg,Steel_Wheel,train,0
/home/dudalypas/projects/DudaRims/PROD_cropped/train/Steel_Wheel/CoAAAgHdgOA-960.jpg,Steel_Wheel,train,1
/home/dudalypas/projects/DudaRims/PROD_cropped/train/Steel_Wheel/9kAAAgM8ueA-960.jpg,Steel_Wheel,train,2
/home/dudalypas/projects/DudaRims/PROD_cropped/train/Steel_Wheel/Steel_Wheel_43.jpg,Steel_Wheel,train,0
/home/dudalypas/projects/DudaRims/PROD_cropped/train/Steel_Wheel/Steel_Wheel_31.jpg,Steel_Wheel,train,1
/home/dudalypas/projects/DudaRims/PROD_cropped/train/Steel_Wheel/Steel_Wheel_62.jpg,Steel_Wheel,train,2
/home/dudalypas/projects/DudaRims/PROD_cropped/train/Steel_Wheel/Z3sbXpz8YsEO5V5Z40NHPs1Rn5I-960.jpg,Steel_Wheel,train,0
/home/dudalypas/projects/DudaRims/PROD_cropped/train/Steel_Wheel/EmWq6Cglri-U7xVEEed7q_EOc_s-960.jpg,Steel_Wheel,train,1
/home/dudalypas/projects/DudaRims/PROD_cropped/train/Steel_Wheel/Steel_Wheel_55.jpg,Steel_Wheel,train,2
/home/dudalypas/projects/DudaRims/PROD_cropped/train/Steel_Wheel/Steel_Wheel_10.jpg,Steel_Wheel,train,0
/home/dudalypas/projects/DudaRims/PROD_cropped/train/Steel_Wheel/276489630.jpg,Steel_Wheel,train,1
/home/dudalypas/projects/DudaRims/PROD_cropped/val/Steel_Wheel/Steel_Wheel_30.jpg,Steel_Wheel,val,2
/home/dudalypas/projects/DudaRims/PROD_cropped/train/Steel_Wheel/FiAAAgAdVOA-960.jpg,Steel_Wheel,train,0
/home/dudalypas/projects/DudaRims/PROD_cropped/train/Steel_Wheel/RbdGT9-eQAFGu0FBBqRrHvaOW6s-1920.jpg,Steel_Wheel,train,1
/home/dudalypas/projects/DudaRims/PROD_cropped/train/Steel_Wheel/jzb_6b6CYOAJOt7-cFIg_vOfsqY-960.jpg,Steel_Wheel,train,2
/home/dudalypas/projects/DudaRims/PROD_cropped/train/Steel_Wheel/Steel_Wheel_33.jpg,Steel_Wheel,train,0
/home/dudalypas/projects/DudaRims/PROD_cropped/train/Steel_Wheel/Steel_Wheel_2.jpg,Steel_Wheel,train,1
/home/dudalypas/projects/DudaRims/PROD_cropped/train/Steel_Wheel/388714648_disk-shtampovannyiy-skoda-fabia-2007-1j0601027ad.jpg,Steel_Wheel,train,2
/home/dudalypas/projects/DudaRims/PROD_cropped/train/Steel_Wheel/296560075_disk-shtampovannyiy-skoda-rapid-1-nh3-restayling-2017-2020-6ru601027d03c-6ru601027d.jpg,Steel_Wheel,train,0
/home/dudalypas/projects/DudaRims/PROD_cropped/train/Steel_Wheel/FELGI-STALOWE-VW-SKODA-AUDI-5x112-6J16-ET-48-F-906-Waga-produktu-z-opakowaniem-jednostkowym-7-9-kg.jpg,Steel_Wheel,train,1
/home/dudalypas/projects/DudaRims/PROD_cropped/val/Steel_Wheel/Steel_Wheel_48.jpg,Steel_Wheel,val,2
/home/dudalypas/projects/DudaRims/PROD_cropped/train/Steel_Wheel/piAAAgB8SeA-960.jpg,Steel_Wheel,train,0
/home/dudalypas/projects/DudaRims/PROD_cropped/train/Steel_Wheel/673764776_4178193132326369_6608000642910423594_n.jpg,Steel_Wheel,train,1
/home/dudalypas/projects/DudaRims/PROD_cropped/train/Steel_Wheel/90661640-0.jpg,Steel_Wheel,train,2
/home/dudalypas/projects/DudaRims/PROD_cropped/val/Steel_Wheel/312779605_disk-shtampovannyiy-skoda-fabia-2-5j2-do-restayling-2007-2010-6q0601027ac.jpg,Steel_Wheel,val,0
/home/dudalypas/projects/DudaRims/PROD_cropped/train/Steel_Wheel/3666.jpg,Steel_Wheel,train,1
/home/dudalypas/projects/DudaRims/PROD_cropped/train/Steel_Wheel/qYAAAgH6tOA-960.jpg,Steel_Wheel,train,2
/home/dudalypas/projects/DudaRims/PROD_cropped/train/Steel_Wheel/547d4f9s-960.jpg,Steel_Wheel,train,0
/home/dudalypas/projects/DudaRims/PROD_cropped/train/Steel_Wheel/ZVAAAgKiceA-1920.jpg,Steel_Wheel,train,1
/home/dudalypas/projects/DudaRims/PROD_cropped/train/Steel_Wheel/380444161_kolesnyie-diski-shtampovannyie-5x112-audi-100-a4-a6-volkswagen-passat-golf-skoda-oktaviya-shinyi-195.jpg,Steel_Wheel,train,2
/home/dudalypas/projects/DudaRims/PROD_cropped/train/Steel_Wheel/674120363_26327063083653310_2359099478756642565_n.jpg,Steel_Wheel,train,0
/home/dudalypas/projects/DudaRims/PROD_cropped/val/Steel_Wheel/Steel_Wheel_34.jpg,Steel_Wheel,val,1
/home/dudalypas/projects/DudaRims/PROD_cropped/train/Steel_Wheel/1726240213499_bulletin.jpg,Steel_Wheel,train,2
/home/dudalypas/projects/DudaRims/PROD_cropped/val/Steel_Wheel/Steel_Wheel_37.jpg,Steel_Wheel,val,0
/home/dudalypas/projects/DudaRims/PROD_cropped/train/Steel_Wheel/skoda-yeti-visureigis--krosoveris-2014.jpg,Steel_Wheel,train,1
/home/dudalypas/projects/DudaRims/PROD_cropped/train/Steel_Wheel/RaAAAgNaBeA-960.jpg,Steel_Wheel,train,2
/home/dudalypas/projects/DudaRims/PROD_cropped/train/Steel_Wheel/t2nOkHnskx4MnC8b-7456TCkv9Y-960.jpg,Steel_Wheel,train,0
/home/dudalypas/projects/DudaRims/PROD_cropped/train/Steel_Wheel/FELGI-STALOWE-VW-POLO-14-2Q0601027AJ-AK-Producent-felg-Volkswagen-OE.jpg,Steel_Wheel,train,1
/home/dudalypas/projects/DudaRims/PROD_cropped/train/Steel_Wheel/354526033_disk-shtampovannyiy-skoda-rapid-2006-6q0601027a.jpg,Steel_Wheel,train,2
/home/dudalypas/projects/DudaRims/PROD_cropped/train/Steel_Wheel/Steel_Wheel_14.jpg,Steel_Wheel,train,0
/home/dudalypas/projects/DudaRims/PROD_cropped/train/Steel_Wheel/1d92978s-960.jpg,Steel_Wheel,train,1
/home/dudalypas/projects/DudaRims/PROD_cropped/train/Steel_Wheel/QgAAAgIdVOA-960.jpg,Steel_Wheel,train,2
/home/dudalypas/projects/DudaRims/PROD_cropped/train/Steel_Wheel/Steel_Wheel_64.jpg,Steel_Wheel,train,0
/home/dudalypas/projects/DudaRims/PROD_cropped/train/Steel_Wheel/Steel_Wheel_39.jpg,Steel_Wheel,train,1
/home/dudalypas/projects/DudaRims/PROD_cropped/train/Steel_Wheel/94NITZw6sckJzST0pHX-s6oZZSw-1920.jpg,Steel_Wheel,train,2
/home/dudalypas/projects/DudaRims/PROD_cropped/train/Steel_Wheel/5cbda158f094f34e23626f37.jpg,Steel_Wheel,train,0
/home/dudalypas/projects/DudaRims/PROD_cropped/train/Steel_Wheel/674702946_959035520207065_3445389843637703454_n.jpg,Steel_Wheel,train,1
/home/dudalypas/projects/DudaRims/PROD_cropped/train/Steel_Wheel/Steel_Wheel_13.jpg,Steel_Wheel,train,2
/home/dudalypas/projects/DudaRims/PROD_cropped/train/Steel_Wheel/58aede0096ad849674ce2b34.jpg,Steel_Wheel,train,0
/home/dudalypas/projects/DudaRims/PROD_cropped/train/Steel_Wheel/GCnW_wPPco94Hyc9lm3FkDlX55M-960.jpg,Steel_Wheel,train,1
/home/dudalypas/projects/DudaRims/PROD_cropped/train/Steel_Wheel/DSCN9609.jpg,Steel_Wheel,train,2
/home/dudalypas/projects/DudaRims/PROD_cropped/train/Steel_Wheel/8d0aaf4e48b58e7ec0fb50802395.jpg,Steel_Wheel,train,0
/home/dudalypas/projects/DudaRims/PROD_cropped/train/Triton/Triton_313.jpg,Triton,train,0
/home/dudalypas/projects/DudaRims/PROD_cropped/train/Triton/Triton_299.jpg,Triton,train,1
/home/dudalypas/projects/DudaRims/PROD_cropped/train/Triton/Triton_270.jpg,Triton,train,2
/home/dudalypas/projects/DudaRims/PROD_cropped/train/Triton/Triton_177.jpg,Triton,train,0
/home/dudalypas/projects/DudaRims/PROD_cropped/train/Triton/Triton_246.jpg,Triton,train,1
/home/dudalypas/projects/DudaRims/PROD_cropped/train/Triton/Triton_71.jpg,Triton,train,2
/home/dudalypas/projects/DudaRims/PROD_cropped/train/Triton/RGTB_U9e6LaUz35RNP46YiE3rGA-960.jpg,Triton,train,0
/home/dudalypas/projects/DudaRims/PROD_cropped/train/Triton/Triton_269.jpg,Triton,train,1
/home/dudalypas/projects/DudaRims/PROD_cropped/train/Triton/97cf6df8-343f-4081-9fed-c61ea9ddc367_f547958e-0440-4485-8ce0-c319598a09d0.jpg,Triton,train,2
/home/dudalypas/projects/DudaRims/PROD_cropped/train/Triton/Triton_214.jpg,Triton,train,0
/home/dudalypas/projects/DudaRims/PROD_cropped/train/Triton/Triton_69.jpg,Triton,train,1
/home/dudalypas/projects/DudaRims/PROD_cropped/train/Triton/215528335.jpg,Triton,train,2
/home/dudalypas/projects/DudaRims/PROD_cropped/train/Triton/Triton_235.jpg,Triton,train,0
/home/dudalypas/projects/DudaRims/PROD_cropped/train/Triton/Triton_343.jpg,Triton,train,1
/home/dudalypas/projects/DudaRims/PROD_cropped/train/Triton/Triton_26.jpg,Triton,train,2
/home/dudalypas/projects/DudaRims/PROD_cropped/train/Triton/maxresdefault.jpg,Triton,train,0
/home/dudalypas/projects/DudaRims/PROD_cropped/train/Triton/Triton_29.jpg,Triton,train,1
/home/dudalypas/projects/DudaRims/PROD_cropped/train/Triton/Triton_49.jpg,Triton,train,2
/home/dudalypas/projects/DudaRims/PROD_cropped/train/Triton/Triton_7.jpg,Triton,train,0
/home/dudalypas/projects/DudaRims/PROD_cropped/train/Triton/Triton_302.jpg,Triton,train,1
/home/dudalypas/projects/DudaRims/PROD_cropped/train/Triton/Triton_244.jpg,Triton,train,2
/home/dudalypas/projects/DudaRims/PROD_cropped/train/Triton/Triton_339.jpg,Triton,train,0
/home/dudalypas/projects/DudaRims/PROD_cropped/train/Triton/Triton_62.jpg,Triton,train,1
/home/dudalypas/projects/DudaRims/PROD_cropped/train/Triton/6040805dda7362709a190ecb-1.jpg,Triton,train,2
/home/dudalypas/projects/DudaRims/PROD_cropped/train/Triton/vhAAAgFko-A-1920.jpg,Triton,train,0
/home/dudalypas/projects/DudaRims/PROD_cropped/train/Triton/Triton_79.jpg,Triton,train,1
/home/dudalypas/projects/DudaRims/PROD_cropped/train/Triton/Triton_27.jpg,Triton,train,2
/home/dudalypas/projects/DudaRims/PROD_cropped/train/Triton/Triton_24.jpg,Triton,train,0
/home/dudalypas/projects/DudaRims/PROD_cropped/train/Triton/Triton_272.jpg,Triton,train,1
/home/dudalypas/projects/DudaRims/PROD_cropped/train/Triton/skoda-kodiaq-fwd-dsg-7-sdv-visureigis--krosoveris-2018.jpg,Triton,train,2
/home/dudalypas/projects/DudaRims/PROD_cropped/train/Triton/Triton_50.jpg,Triton,train,0
/home/dudalypas/projects/DudaRims/PROD_cropped/train/Triton/Triton_33.jpg,Triton,train,1
/home/dudalypas/projects/DudaRims/PROD_cropped/train/Triton/Triton_129.jpg,Triton,train,2
/home/dudalypas/projects/DudaRims/PROD_cropped/train/Triton/imafgfge.jpg,Triton,train,0
/home/dudalypas/projects/DudaRims/PROD_cropped/train/Triton/Triton_221.jpg,Triton,train,1
/home/dudalypas/projects/DudaRims/PROD_cropped/val/Triton/Triton_319.jpg,Triton,val,2
/home/dudalypas/projects/DudaRims/PROD_cropped/train/Triton/Triton_211.jpg,Triton,train,0
/home/dudalypas/projects/DudaRims/PROD_cropped/train/Triton/Triton_241.jpg,Triton,train,1
/home/dudalypas/projects/DudaRims/PROD_cropped/train/Triton/Triton_158.jpg,Triton,train,2
/home/dudalypas/projects/DudaRims/PROD_cropped/train/Triton/Triton_117.jpg,Triton,train,0
/home/dudalypas/projects/DudaRims/PROD_cropped/train/Triton/Triton_222.jpg,Triton,train,1
/home/dudalypas/projects/DudaRims/PROD_cropped/train/Triton/Triton_280.jpg,Triton,train,2
/home/dudalypas/projects/DudaRims/PROD_cropped/val/Triton/Triton_167.jpg,Triton,val,0
/home/dudalypas/projects/DudaRims/PROD_cropped/train/Triton/Triton_162.jpg,Triton,train,1
/home/dudalypas/projects/DudaRims/PROD_cropped/train/Triton/270824021_88597.jpg,Triton,train,2
/home/dudalypas/projects/DudaRims/PROD_cropped/train/Triton/Triton_208.jpg,Triton,train,0
/home/dudalypas/projects/DudaRims/PROD_cropped/val/Triton/1711524326827_bulletin.jpg,Triton,val,1
/home/dudalypas/projects/DudaRims/PROD_cropped/train/Triton/Triton_192.jpg,Triton,train,2
/home/dudalypas/projects/DudaRims/PROD_cropped/train/Triton/Triton_178.jpg,Triton,train,0
/home/dudalypas/projects/DudaRims/PROD_cropped/train/Triton/Triton_43.jpg,Triton,train,1
/home/dudalypas/projects/DudaRims/PROD_cropped/train/Triton/Triton_86.jpg,Triton,train,2
/home/dudalypas/projects/DudaRims/PROD_cropped/train/Triton/Triton_67.jpg,Triton,train,0
/home/dudalypas/projects/DudaRims/PROD_cropped/train/Triton/Triton_223.jpg,Triton,train,1
/home/dudalypas/projects/DudaRims/PROD_cropped/train/Triton/Triton_320.jpg,Triton,train,2
/home/dudalypas/projects/DudaRims/PROD_cropped/train/Triton/Triton_170.jpg,Triton,train,0
/home/dudalypas/projects/DudaRims/PROD_cropped/train/Triton/1757664264542_bulletin.jpg,Triton,train,1
/home/dudalypas/projects/DudaRims/PROD_cropped/train/Triton/Triton_237.jpg,Triton,train,2
/home/dudalypas/projects/DudaRims/PROD_cropped/train/Triton/Triton_193.jpg,Triton,train,0
/home/dudalypas/projects/DudaRims/PROD_cropped/train/Triton/Triton_56.jpg,Triton,train,1
/home/dudalypas/projects/DudaRims/PROD_cropped/train/Triton/Triton_342.jpg,Triton,train,2
/home/dudalypas/projects/DudaRims/PROD_cropped/train/Triton/190645480.jpg,Triton,train,0
/home/dudalypas/projects/DudaRims/PROD_cropped/train/Triton/Triton_153.jpg,Triton,train,1
/home/dudalypas/projects/DudaRims/PROD_cropped/train/Triton/Triton_168.jpg,Triton,train,2
/home/dudalypas/projects/DudaRims/PROD_cropped/train/Triton/2e57d709-e10d-49fe-ba57-bfb1d59a0720_81916e5d-6c95-40b2-a704-13d6d512f86f.jpg,Triton,train,0
/home/dudalypas/projects/DudaRims/PROD_cropped/train/Triton/Triton_138.jpg,Triton,train,1
/home/dudalypas/projects/DudaRims/PROD_cropped/train/Triton/Triton_348.jpg,Triton,train,2
/home/dudalypas/projects/DudaRims/PROD_cropped/train/Triton/Triton_13.jpg,Triton,train,0
/home/dudalypas/projects/DudaRims/PROD_cropped/val/Triton/Triton_321.jpg,Triton,val,1
/home/dudalypas/projects/DudaRims/PROD_cropped/train/Triton/Triton_55.jpg,Triton,train,2
/home/dudalypas/projects/DudaRims/PROD_cropped/train/Triton/skoda-kodiaq-visureigis--krosoveris-2019.jpg,Triton,train,0
/home/dudalypas/projects/DudaRims/PROD_cropped/train/Triton/Triton_101.jpg,Triton,train,1
/home/dudalypas/projects/DudaRims/PROD_cropped/train/Triton/Triton_207.jpg,Triton,train,2
/home/dudalypas/projects/DudaRims/PROD_cropped/train/Triton/Triton_150.jpg,Triton,train,0
/home/dudalypas/projects/DudaRims/PROD_cropped/train/Triton/Triton_169.jpg,Triton,train,1
/home/dudalypas/projects/DudaRims/PROD_cropped/train/Triton/Triton_40.jpg,Triton,train,2
/home/dudalypas/projects/DudaRims/PROD_cropped/train/Triton/Triton_88.jpg,Triton,train,0
/home/dudalypas/projects/DudaRims/PROD_cropped/train/Triton/Triton_279.jpg,Triton,train,1
/home/dudalypas/projects/DudaRims/PROD_cropped/train/Triton/Triton_135.jpg,Triton,train,2
/home/dudalypas/projects/DudaRims/PROD_cropped/train/Triton/Triton_328.jpg,Triton,train,0
/home/dudalypas/projects/DudaRims/PROD_cropped/train/Triton/18-zymovi-kolesa-skoda-kodiaq-triton-design-21916554556284.jpg,Triton,train,1
/home/dudalypas/projects/DudaRims/PROD_cropped/train/Triton/Triton_68.jpg,Triton,train,2
/home/dudalypas/projects/DudaRims/PROD_cropped/train/Triton/Triton_75.jpg,Triton,train,0
/home/dudalypas/projects/DudaRims/PROD_cropped/train/Triton/Triton_160.jpg,Triton,train,1
/home/dudalypas/projects/DudaRims/PROD_cropped/train/Triton/Triton_72.jpg,Triton,train,2
/home/dudalypas/projects/DudaRims/PROD_cropped/train/Triton/Triton_182.jpg,Triton,train,0
/home/dudalypas/projects/DudaRims/PROD_cropped/train/Triton/Triton_8.jpg,Triton,train,1
/home/dudalypas/projects/DudaRims/PROD_cropped/train/Triton/Triton_175.jpg,Triton,train,2
/home/dudalypas/projects/DudaRims/PROD_cropped/train/Triton/Triton_274.jpg,Triton,train,0
/home/dudalypas/projects/DudaRims/PROD_cropped/train/Triton/d6b45d54-20cc-47ac-8a52-75abacaba08f_56bf8d6a-418d-4787-baf1-42782848b5c8.jpg,Triton,train,1
/home/dudalypas/projects/DudaRims/PROD_cropped/train/Triton/Triton_205.jpg,Triton,train,2
/home/dudalypas/projects/DudaRims/PROD_cropped/train/Triton/Triton_317.jpg,Triton,train,0
/home/dudalypas/projects/DudaRims/PROD_cropped/train/Triton/Triton_21.jpg,Triton,train,1
/home/dudalypas/projects/DudaRims/PROD_cropped/train/Triton/Triton_306.jpg,Triton,train,2
/home/dudalypas/projects/DudaRims/PROD_cropped/train/Triton/Triton_19.jpg,Triton,train,0
/home/dudalypas/projects/DudaRims/PROD_cropped/train/Triton/Triton_290.jpg,Triton,train,1
/home/dudalypas/projects/DudaRims/PROD_cropped/train/Triton/Triton_136.jpg,Triton,train,2
/home/dudalypas/projects/DudaRims/PROD_cropped/train/Triton/Triton_102.jpg,Triton,train,0
/home/dudalypas/projects/DudaRims/PROD_cropped/train/Triton/Triton_251.jpg,Triton,train,1
/home/dudalypas/projects/DudaRims/PROD_cropped/train/Triton/Triton_229.jpg,Triton,train,2
/home/dudalypas/projects/DudaRims/PROD_cropped/train/Triton/eyJidWNrZXQiOiJkb25lZGVhbC5pZS1waG90b3MiLCJlZGl0cyI6eyJyZXNpemUiOnsiZml0IjoiaW5zaWRlIiwid2lkdGgiOjEyMDAsImhlaWdodCI6MTIwMH19LCJvdXRwdXRGb3JtYXQiOiJ3ZWJwIiwia2V5IjoicGhvdG9fMzg0NDEwMTEyIn0=.jpg,Triton,train,0
/home/dudalypas/projects/DudaRims/PROD_cropped/train/Triton/Triton_38.jpg,Triton,train,1
/home/dudalypas/projects/DudaRims/PROD_cropped/train/Triton/SKODA-SUPERB-3-III-15-19-FELGA-ALUMINIOWA-18-5X112.jpg,Triton,train,2
/home/dudalypas/projects/DudaRims/PROD_cropped/train/Triton/Triton_267.jpg,Triton,train,0
/home/dudalypas/projects/DudaRims/PROD_cropped/train/Triton/Triton_20.jpg,Triton,train,1
/home/dudalypas/projects/DudaRims/PROD_cropped/train/Triton/Triton_242.jpg,Triton,train,2
/home/dudalypas/projects/DudaRims/PROD_cropped/train/Triton/Triton_145.jpg,Triton,train,0
/home/dudalypas/projects/DudaRims/PROD_cropped/train/Triton/Triton_91.jpg,Triton,train,1
/home/dudalypas/projects/DudaRims/PROD_cropped/train/Triton/Triton_28.jpg,Triton,train,2
/home/dudalypas/projects/DudaRims/PROD_cropped/train/Triton/Triton_220.jpg,Triton,train,0
/home/dudalypas/projects/DudaRims/PROD_cropped/train/Triton/Triton_255.jpg,Triton,train,1
/home/dudalypas/projects/DudaRims/PROD_cropped/train/Triton/Triton_247.jpg,Triton,train,2
/home/dudalypas/projects/DudaRims/PROD_cropped/train/Triton/Triton_236.jpg,Triton,train,0
/home/dudalypas/projects/DudaRims/PROD_cropped/train/Triton/Triton_47.jpg,Triton,train,1
/home/dudalypas/projects/DudaRims/PROD_cropped/train/Triton/Triton_271.jpg,Triton,train,2
/home/dudalypas/projects/DudaRims/PROD_cropped/train/Triton/Triton_98.jpg,Triton,train,0
/home/dudalypas/projects/DudaRims/PROD_cropped/train/Triton/Triton_239.jpg,Triton,train,1
/home/dudalypas/projects/DudaRims/PROD_cropped/val/Triton/c9c0a8ds-1920.jpg,Triton,val,2
/home/dudalypas/projects/DudaRims/PROD_cropped/train/Triton/Triton_139.jpg,Triton,train,0
/home/dudalypas/projects/DudaRims/PROD_cropped/train/Triton/Triton_228.jpg,Triton,train,1
/home/dudalypas/projects/DudaRims/PROD_cropped/train/Triton/Triton_334.jpg,Triton,train,2
/home/dudalypas/projects/DudaRims/PROD_cropped/train/Triton/Triton_281.jpg,Triton,train,0
/home/dudalypas/projects/DudaRims/PROD_cropped/train/Triton/Triton_227.jpg,Triton,train,1
/home/dudalypas/projects/DudaRims/PROD_cropped/train/Triton/Triton_140.jpg,Triton,train,2
/home/dudalypas/projects/DudaRims/PROD_cropped/train/Triton/Triton_195.jpg,Triton,train,0
/home/dudalypas/projects/DudaRims/PROD_cropped/train/Triton/Triton_218.jpg,Triton,train,1
/home/dudalypas/projects/DudaRims/PROD_cropped/train/Triton/502981.jpg,Triton,train,2
/home/dudalypas/projects/DudaRims/PROD_cropped/train/Triton/Triton_114.jpg,Triton,train,0
/home/dudalypas/projects/DudaRims/PROD_cropped/train/Triton/Triton_46.jpg,Triton,train,1
/home/dudalypas/projects/DudaRims/PROD_cropped/train/Triton/Triton_287.jpg,Triton,train,2
/home/dudalypas/projects/DudaRims/PROD_cropped/train/Triton/Triton_51.jpg,Triton,train,0
/home/dudalypas/projects/DudaRims/PROD_cropped/val/Triton/1766414636357_bulletin.jpg,Triton,val,1
/home/dudalypas/projects/DudaRims/PROD_cropped/train/Triton/Triton_113.jpg,Triton,train,2
/home/dudalypas/projects/DudaRims/PROD_cropped/train/Triton/Triton_278.jpg,Triton,train,0
/home/dudalypas/projects/DudaRims/PROD_cropped/train/Triton/Triton_1.jpg,Triton,train,1
/home/dudalypas/projects/DudaRims/PROD_cropped/val/Triton/Triton_256.jpg,Triton,val,2
/home/dudalypas/projects/DudaRims/PROD_cropped/train/Triton/Triton_300.jpg,Triton,train,0
/home/dudalypas/projects/DudaRims/PROD_cropped/train/Triton/373606191_disk-kolesnyiy-17quot-skoda-karoq-2017-57a601025c.jpg,Triton,train,1
/home/dudalypas/projects/DudaRims/PROD_cropped/train/Triton/Triton_254.jpg,Triton,train,2
/home/dudalypas/projects/DudaRims/PROD_cropped/train/Triton/Triton_54.jpg,Triton,train,0
/home/dudalypas/projects/DudaRims/PROD_cropped/train/Triton/Triton_261.jpg,Triton,train,1
/home/dudalypas/projects/DudaRims/PROD_cropped/train/Triton/Triton_346.jpg,Triton,train,2
/home/dudalypas/projects/DudaRims/PROD_cropped/train/Triton/Triton_36.jpg,Triton,train,0
/home/dudalypas/projects/DudaRims/PROD_cropped/val/Triton/Triton_165.jpg,Triton,val,1
/home/dudalypas/projects/DudaRims/PROD_cropped/train/Triton/Triton_164.jpg,Triton,train,2
/home/dudalypas/projects/DudaRims/PROD_cropped/train/Triton/Triton_100.jpg,Triton,train,0
/home/dudalypas/projects/DudaRims/PROD_cropped/train/Triton/Triton_137.jpg,Triton,train,1
/home/dudalypas/projects/DudaRims/PROD_cropped/train/Triton/Triton_124.jpg,Triton,train,2
/home/dudalypas/projects/DudaRims/PROD_cropped/train/Triton/Triton_94.jpg,Triton,train,0
/home/dudalypas/projects/DudaRims/PROD_cropped/train/Triton/Triton_188.jpg,Triton,train,1
/home/dudalypas/projects/DudaRims/PROD_cropped/train/Triton/Triton_132.jpg,Triton,train,2
/home/dudalypas/projects/DudaRims/PROD_cropped/train/Triton/Triton_171.jpg,Triton,train,0
/home/dudalypas/projects/DudaRims/PROD_cropped/val/Triton/Triton_111.jpg,Triton,val,1
/home/dudalypas/projects/DudaRims/PROD_cropped/train/Triton/217624317.jpg,Triton,train,2
/home/dudalypas/projects/DudaRims/PROD_cropped/train/Triton/Triton_6.jpg,Triton,train,0
/home/dudalypas/projects/DudaRims/PROD_cropped/train/Triton/Triton_121.jpg,Triton,train,1
/home/dudalypas/projects/DudaRims/PROD_cropped/train/Triton/Triton_146.jpg,Triton,train,2
/home/dudalypas/projects/DudaRims/PROD_cropped/val/Triton/Triton_5.jpg,Triton,val,0
/home/dudalypas/projects/DudaRims/PROD_cropped/train/Triton/Triton_115.jpg,Triton,train,1
/home/dudalypas/projects/DudaRims/PROD_cropped/train/Triton/Triton_15.jpg,Triton,train,2
/home/dudalypas/projects/DudaRims/PROD_cropped/train/Triton/Triton_311.jpg,Triton,train,0
/home/dudalypas/projects/DudaRims/PROD_cropped/train/Triton/Triton_16.jpg,Triton,train,1
/home/dudalypas/projects/DudaRims/PROD_cropped/train/Trius/dQAAAgJWkuA-960.jpg,Trius,train,0
/home/dudalypas/projects/DudaRims/PROD_cropped/train/Trius/Trius_Black_24.jpg,Trius,train,1
/home/dudalypas/projects/DudaRims/PROD_cropped/train/Trius/KcCG7q3Ndcxc_4wll-kdmvhY2A0-960.jpg,Trius,train,2
/home/dudalypas/projects/DudaRims/PROD_cropped/train/Trius/Trius_44.jpg,Trius,train,0
/home/dudalypas/projects/DudaRims/PROD_cropped/train/Trius/Trius_46.jpg,Trius,train,1
/home/dudalypas/projects/DudaRims/PROD_cropped/train/Trius/Trius_61.jpg,Trius,train,2
/home/dudalypas/projects/DudaRims/PROD_cropped/train/Trius/HoAAAgBqfeA-1920.jpg,Trius,train,0
/home/dudalypas/projects/DudaRims/PROD_cropped/train/Trius/1619667212502_bulletin.jpg,Trius,train,1
/home/dudalypas/projects/DudaRims/PROD_cropped/val/Trius/Trius_138.jpg,Trius,val,2
/home/dudalypas/projects/DudaRims/PROD_cropped/train/Trius/Trius_Black_8.jpg,Trius,train,0
/home/dudalypas/projects/DudaRims/PROD_cropped/train/Trius/5e90966166fb07d0552744ac.jpg,Trius,train,1
/home/dudalypas/projects/DudaRims/PROD_cropped/train/Trius/Trius_95.jpg,Trius,train,2
/home/dudalypas/projects/DudaRims/PROD_cropped/val/Trius/Nr1T7PUJ8UG4ZDVK.jpg,Trius,val,0
/home/dudalypas/projects/DudaRims/PROD_cropped/train/Trius/1200x945400n (1).jpg,Trius,train,1
/home/dudalypas/projects/DudaRims/PROD_cropped/train/Trius/0_wm_viki.jpg,Trius,train,2
/home/dudalypas/projects/DudaRims/PROD_cropped/train/Trius/Trius_37.jpg,Trius,train,0
/home/dudalypas/projects/DudaRims/PROD_cropped/train/Trius/Trius_Black_23.jpg,Trius,train,1
/home/dudalypas/projects/DudaRims/PROD_cropped/train/Trius/Trius_Black_11.jpg,Trius,train,2
/home/dudalypas/projects/DudaRims/PROD_cropped/train/Trius/Trius_88.jpg,Trius,train,0
/home/dudalypas/projects/DudaRims/PROD_cropped/train/Trius/Trius_18.jpg,Trius,train,1
/home/dudalypas/projects/DudaRims/PROD_cropped/train/Trius/Trius_115.jpg,Trius,train,2
/home/dudalypas/projects/DudaRims/PROD_cropped/train/Trius/e0AAAgDao-A-960.jpg,Trius,train,0
/home/dudalypas/projects/DudaRims/PROD_cropped/train/Trius/PgAAAgGoW-A-1920.jpg,Trius,train,1
/home/dudalypas/projects/DudaRims/PROD_cropped/train/Trius/Trius_Black_36.jpg,Trius,train,2
/home/dudalypas/projects/DudaRims/PROD_cropped/train/Trius/5e6750572c593e71c02328a9.jpg,Trius,train,0
/home/dudalypas/projects/DudaRims/PROD_cropped/train/Trius/Trius_118.jpg,Trius,train,1
/home/dudalypas/projects/DudaRims/PROD_cropped/train/Trius/1737361768630-DSC09257.jpg,Trius,train,2
/home/dudalypas/projects/DudaRims/PROD_cropped/train/Trius/Trius_Black_31.jpg,Trius,train,0
/home/dudalypas/projects/DudaRims/PROD_cropped/train/Trius/Trius_Black_57.jpg,Trius,train,1
/home/dudalypas/projects/DudaRims/PROD_cropped/train/Trius/img-1678954026-0f485dbe0391.jpg,Trius,train,2
/home/dudalypas/projects/DudaRims/PROD_cropped/train/Trius/VmBhqZeqyKup4pg-kAa43h3UCj4-1920.jpg,Trius,train,0
/home/dudalypas/projects/DudaRims/PROD_cropped/train/Trius/Trius_Black_19.jpg,Trius,train,1
/home/dudalypas/projects/DudaRims/PROD_cropped/train/Trius/Trius_49.jpg,Trius,train,2
/home/dudalypas/projects/DudaRims/PROD_cropped/train/Trius/rxAAAgOqA-A-1920.jpg,Trius,train,0
/home/dudalypas/projects/DudaRims/PROD_cropped/train/Trius/Trius_41.jpg,Trius,train,1
/home/dudalypas/projects/DudaRims/PROD_cropped/train/Trius/trius22.jpg,Trius,train,2
/home/dudalypas/projects/DudaRims/PROD_cropped/train/Trius/Trius_136.jpg,Trius,train,0
/home/dudalypas/projects/DudaRims/PROD_cropped/train/Trius/Trius_132.jpg,Trius,train,1
/home/dudalypas/projects/DudaRims/PROD_cropped/train/Trius/L-_j9N8KEp3kZdLqZqdk_FCSwvE-1920.jpg,Trius,train,2
/home/dudalypas/projects/DudaRims/PROD_cropped/val/Trius/Trius_Black_15.jpg,Trius,val,0
/home/dudalypas/projects/DudaRims/PROD_cropped/train/Trius/Trius_Black_49.jpg,Trius,train,1
/home/dudalypas/projects/DudaRims/PROD_cropped/train/Trius/Trius_144.jpg,Trius,train,2
/home/dudalypas/projects/DudaRims/PROD_cropped/train/Trius/Trius_Black_54.jpg,Trius,train,0
/home/dudalypas/projects/DudaRims/PROD_cropped/val/Trius/Trius_139.jpg,Trius,val,1
/home/dudalypas/projects/DudaRims/PROD_cropped/train/Trius/Trius_70.jpg,Trius,train,2
/home/dudalypas/projects/DudaRims/PROD_cropped/train/Trius/Trius_Black_42.jpg,Trius,train,0
/home/dudalypas/projects/DudaRims/PROD_cropped/train/Trius/Trius_113.jpg,Trius,train,1
/home/dudalypas/projects/DudaRims/PROD_cropped/train/Trius/NzaN7cRhwENleE9Up4GxF8_bOY0-960.jpg,Trius,train,2
/home/dudalypas/projects/DudaRims/PROD_cropped/train/Trius/Trius_60.jpg,Trius,train,0
/home/dudalypas/projects/DudaRims/PROD_cropped/val/Trius/MxAAAgAAGuA-1920.jpg,Trius,val,1
/home/dudalypas/projects/DudaRims/PROD_cropped/train/Trius/66f3af7627842.jpg,Trius,train,2
/home/dudalypas/projects/DudaRims/PROD_cropped/train/Trius/Trius_91.jpg,Trius,train,0
/home/dudalypas/projects/DudaRims/PROD_cropped/train/Trius/Trius_79.jpg,Trius,train,1
/home/dudalypas/projects/DudaRims/PROD_cropped/train/Trius/Trius_5.jpg,Trius,train,2
/home/dudalypas/projects/DudaRims/PROD_cropped/train/Trius/Trius_98.jpg,Trius,train,0
/home/dudalypas/projects/DudaRims/PROD_cropped/train/Trius/Trius_87.jpg,Trius,train,1
/home/dudalypas/projects/DudaRims/PROD_cropped/train/Trius/Trius_72.jpg,Trius,train,2
/home/dudalypas/projects/DudaRims/PROD_cropped/train/Trius/asdasd.jpg,Trius,train,0
/home/dudalypas/projects/DudaRims/PROD_cropped/train/Trius/Trius_119.jpg,Trius,train,1
/home/dudalypas/projects/DudaRims/PROD_cropped/val/Trius/Trius_55.jpg,Trius,val,2
/home/dudalypas/projects/DudaRims/PROD_cropped/train/Trius/zVdPbpamhC0GNhAACM-0bshzDPk-1920.jpg,Trius,train,0
/home/dudalypas/projects/DudaRims/PROD_cropped/train/Trius/Trius_71.jpg,Trius,train,1
/home/dudalypas/projects/DudaRims/PROD_cropped/train/Trius/Trius_64.jpg,Trius,train,2
/home/dudalypas/projects/DudaRims/PROD_cropped/train/Trius/f3_XVczQw6BUaYLNOV3AC6sSDnQ-960.jpg,Trius,train,0
/home/dudalypas/projects/DudaRims/PROD_cropped/train/Trius/Trius_122.jpg,Trius,train,1
/home/dudalypas/projects/DudaRims/PROD_cropped/val/Trius/5cd7154e6c4b4442063528b7.jpg,Trius,val,2
/home/dudalypas/projects/DudaRims/PROD_cropped/train/Trius/image.jpg,Trius,train,0
/home/dudalypas/projects/DudaRims/PROD_cropped/train/Trius/Trius_17.jpg,Trius,train,1
/home/dudalypas/projects/DudaRims/PROD_cropped/train/Trius/Trius_Black_47.jpg,Trius,train,2
/home/dudalypas/projects/DudaRims/PROD_cropped/train/Trius/Trius_Black_52.jpg,Trius,train,0
/home/dudalypas/projects/DudaRims/PROD_cropped/train/Trius/5cbefe44e7696a2c2367e6ab.jpg,Trius,train,1
/home/dudalypas/projects/DudaRims/PROD_cropped/train/Trius/Trius_101.jpg,Trius,train,2
/home/dudalypas/projects/DudaRims/PROD_cropped/train/Trius/9WKY8NeGZlbGTpfBtKrQg9aiws0-960.jpg,Trius,train,0
/home/dudalypas/projects/DudaRims/PROD_cropped/train/Trius/Trius_103.jpg,Trius,train,1
/home/dudalypas/projects/DudaRims/PROD_cropped/train/Trius/58AAAgLxx-A-960.jpg,Trius,train,2
/home/dudalypas/projects/DudaRims/PROD_cropped/train/Trius/6647831689335316.jpg,Trius,train,0
/home/dudalypas/projects/DudaRims/PROD_cropped/train/Trius/_yAAAgDpduA-1920.jpg,Trius,train,1
/home/dudalypas/projects/DudaRims/PROD_cropped/train/Trius/Trius_74.jpg,Trius,train,2
/home/dudalypas/projects/DudaRims/PROD_cropped/train/Trius/xUAAAgOXVeA-960.jpg,Trius,train,0
/home/dudalypas/projects/DudaRims/PROD_cropped/train/Trius/Trius_12.jpg,Trius,train,1
/home/dudalypas/projects/DudaRims/PROD_cropped/train/Trius/Trius_120.jpg,Trius,train,2
/home/dudalypas/projects/DudaRims/PROD_cropped/train/Trius/Trius_85.jpg,Trius,train,0
/home/dudalypas/projects/DudaRims/PROD_cropped/train/Trius/Trius_78.jpg,Trius,train,1
/home/dudalypas/projects/DudaRims/PROD_cropped/train/Trius/K1yLRifHiLQbKuXXJ5KdvGzn2JE-1920.jpg,Trius,train,2
/home/dudalypas/projects/DudaRims/PROD_cropped/train/Trius/Trius_117.jpg,Trius,train,0
/home/dudalypas/projects/DudaRims/PROD_cropped/train/Trius/Trius_124.jpg,Trius,train,1
/home/dudalypas/projects/DudaRims/PROD_cropped/train/Trius/Trius_140.jpg,Trius,train,2
/home/dudalypas/projects/DudaRims/PROD_cropped/train/Trius/Trius_89.jpg,Trius,train,0
/home/dudalypas/projects/DudaRims/PROD_cropped/train/Trius/e4733b5s-1920.jpg,Trius,train,1
/home/dudalypas/projects/DudaRims/PROD_cropped/train/Trius/Trius_Black_16.jpg,Trius,train,2
/home/dudalypas/projects/DudaRims/PROD_cropped/train/Trius/Trius_34.jpg,Trius,train,0
/home/dudalypas/projects/DudaRims/PROD_cropped/train/Trius/Trius_33.jpg,Trius,train,1
/home/dudalypas/projects/DudaRims/PROD_cropped/train/Trius/Trius_6.jpg,Trius,train,2
/home/dudalypas/projects/DudaRims/PROD_cropped/train/Trius/Trius_Black_14.jpg,Trius,train,0
/home/dudalypas/projects/DudaRims/PROD_cropped/train/Trius/Trius_39.jpg,Trius,train,1
/home/dudalypas/projects/DudaRims/PROD_cropped/train/Trius/Trius_3.jpg,Trius,train,2
/home/dudalypas/projects/DudaRims/PROD_cropped/train/Trius/6ec8ce5s-960.jpg,Trius,train,0
/home/dudalypas/projects/DudaRims/PROD_cropped/train/Trius/dwAAAgM1BuA-960.jpg,Trius,train,1
/home/dudalypas/projects/DudaRims/PROD_cropped/train/Trius/47664c9s-1920.jpg,Trius,train,2
/home/dudalypas/projects/DudaRims/PROD_cropped/train/Trius/eBa-0SKROm5qQ5aAecBZkMLBmb-upj-r69LL2GJBnoaRGMF8fE5iP0SGyBxQN6vWTDLOV7w17yMxigKqwAlWIzVjNZ2X.jpg,Trius,train,0
/home/dudalypas/projects/DudaRims/PROD_cropped/train/Trius/3H5_v0fLMUJ0GBU6Jc8dCf3qfGs-960.jpg,Trius,train,1
/home/dudalypas/projects/DudaRims/PROD_cropped/train/Trius/GNw6Ft7ztsKHroRM2KsKBYNkJpE-960.jpg,Trius,train,2
/home/dudalypas/projects/DudaRims/PROD_cropped/train/Trius/Trius_45.jpg,Trius,train,0
/home/dudalypas/projects/DudaRims/PROD_cropped/train/Trius/Trius_Black_6.jpg,Trius,train,1
/home/dudalypas/projects/DudaRims/PROD_cropped/train/Trius/Trius_Black_53.jpg,Trius,train,2
/home/dudalypas/projects/DudaRims/PROD_cropped/train/Trius/Trius_Black_41.jpg,Trius,train,0
/home/dudalypas/projects/DudaRims/PROD_cropped/train/Trius/Trius_123.jpg,Trius,train,1
/home/dudalypas/projects/DudaRims/PROD_cropped/train/Trius/Trius_54.jpg,Trius,train,2
/home/dudalypas/projects/DudaRims/PROD_cropped/train/Trius/5c936e8cc6ab9e2b3d379dc6.jpg,Trius,train,0
/home/dudalypas/projects/DudaRims/PROD_cropped/val/Trius/hkAAAgAN32A-960.jpg,Trius,val,1
/home/dudalypas/projects/DudaRims/PROD_cropped/train/Trius/Trius_24.jpg,Trius,train,2
/home/dudalypas/projects/DudaRims/PROD_cropped/train/Trius/i.jpg,Trius,train,0
/home/dudalypas/projects/DudaRims/PROD_cropped/train/Trius/Trius_52.jpg,Trius,train,1
/home/dudalypas/projects/DudaRims/PROD_cropped/val/Trius/1629955693914_bulletin.jpg,Trius,val,2
/home/dudalypas/projects/DudaRims/PROD_cropped/train/Trius/Trius_135.jpg,Trius,train,0
/home/dudalypas/projects/DudaRims/PROD_cropped/val/Trius/Trius_145.jpg,Trius,val,1
/home/dudalypas/projects/DudaRims/PROD_cropped/train/Trius/Trius_Black_5.jpg,Trius,train,2
/home/dudalypas/projects/DudaRims/PROD_cropped/train/Trius/a53c395s-960.jpg,Trius,train,0
/home/dudalypas/projects/DudaRims/PROD_cropped/train/Trius/Trius_142.jpg,Trius,train,1
/home/dudalypas/projects/DudaRims/PROD_cropped/train/Trius/Trius_13.jpg,Trius,train,2
/home/dudalypas/projects/DudaRims/PROD_cropped/train/Trius/Trius_Black_28.jpg,Trius,train,0
/home/dudalypas/projects/DudaRims/PROD_cropped/train/Trius/Trius_53.jpg,Trius,train,1
/home/dudalypas/projects/DudaRims/PROD_cropped/train/Trius/8iAAAgFFA-A-1920.jpg,Trius,train,2
/home/dudalypas/projects/DudaRims/PROD_cropped/val/Turbine/6.jpg,Turbine,val,0
/home/dudalypas/projects/DudaRims/PROD_cropped/train/Turbine/Turbine_2.jpg,Turbine,train,1
/home/dudalypas/projects/DudaRims/PROD_cropped/train/Turbine/0sAAAgIWoOA-960.jpg,Turbine,train,2
/home/dudalypas/projects/DudaRims/PROD_cropped/train/Turbine/A9aa07f49c19f442c926edfb974e521db4.jpg_960x960.jpg,Turbine,train,0
/home/dudalypas/projects/DudaRims/PROD_cropped/train/Turbine/Turbine_50.jpg,Turbine,train,1
/home/dudalypas/projects/DudaRims/PROD_cropped/val/Turbine/train_Turbine_0092.jpg,Turbine,val,2
/home/dudalypas/projects/DudaRims/PROD_cropped/train/Turbine/Turbine_36.jpg,Turbine,train,0
/home/dudalypas/projects/DudaRims/PROD_cropped/train/Turbine/IQAAAgCuJeA-960.jpg,Turbine,train,1
/home/dudalypas/projects/DudaRims/PROD_cropped/val/Turbine/BEk5ksGjh0NpUAIr5H76w5upXAs-960.jpg,Turbine,val,2
/home/dudalypas/projects/DudaRims/PROD_cropped/train/Turbine/test_Turbine_0016.jpg,Turbine,train,0
/home/dudalypas/projects/DudaRims/PROD_cropped/train/Turbine/Turbine_21.jpg,Turbine,train,1
/home/dudalypas/projects/DudaRims/PROD_cropped/train/Turbine/SgAAAgCo2uA-960.jpg,Turbine,train,2
/home/dudalypas/projects/DudaRims/PROD_cropped/train/Turbine/saAAAgIWoOA-960.jpg,Turbine,train,0
/home/dudalypas/projects/DudaRims/PROD_cropped/train/Turbine/7MAAAgJ4gOA-960.jpg,Turbine,train,1
/home/dudalypas/projects/DudaRims/PROD_cropped/train/Turbine/dSAAAgNpTeA-960.jpg,Turbine,train,2
/home/dudalypas/projects/DudaRims/PROD_cropped/train/Turbine/val_Turbine_0013.jpg,Turbine,train,0
/home/dudalypas/projects/DudaRims/PROD_cropped/val/Turbine/val_Turbine_0020.jpg,Turbine,val,1
/home/dudalypas/projects/DudaRims/PROD_cropped/train/Turbine/5b740a76a380b694da049943.jpg,Turbine,train,2
/home/dudalypas/projects/DudaRims/PROD_cropped/train/Turbine/train_Turbine_0083.jpg,Turbine,train,0
/home/dudalypas/projects/DudaRims/PROD_cropped/train/Turbine/Turbine_44.jpg,Turbine,train,1
/home/dudalypas/projects/DudaRims/PROD_cropped/train/Turbine/Turbine_26.jpg,Turbine,train,2
/home/dudalypas/projects/DudaRims/PROD_cropped/train/Turbine/Turbine_49.jpg,Turbine,train,0
/home/dudalypas/projects/DudaRims/PROD_cropped/train/Turbine/Turbine_42.jpg,Turbine,train,1
/home/dudalypas/projects/DudaRims/PROD_cropped/train/Turbine/5b740a76a09cd515e7504e82.jpg,Turbine,train,2
/home/dudalypas/projects/DudaRims/PROD_cropped/train/Turbine/88AAAgHabuA-1920.jpg,Turbine,train,0
/home/dudalypas/projects/DudaRims/PROD_cropped/train/Turbine/Turbine_20.jpg,Turbine,train,1
/home/dudalypas/projects/DudaRims/PROD_cropped/train/Turbine/992bf91s-960.jpg,Turbine,train,2
/home/dudalypas/projects/DudaRims/PROD_cropped/train/Turbine/418be25s-960.jpg,Turbine,train,0
/home/dudalypas/projects/DudaRims/PROD_cropped/train/Turbine/Turbine_1.jpg,Turbine,train,1
/home/dudalypas/projects/DudaRims/PROD_cropped/train/Turbine/mQAAAgPoauA-960.jpg,Turbine,train,2
/home/dudalypas/projects/DudaRims/PROD_cropped/train/Turbine/UsAAAgIWoOA-1920.jpg,Turbine,train,0
/home/dudalypas/projects/DudaRims/PROD_cropped/train/Turbine/OUAAAgLI4-A-960.jpg,Turbine,train,1
/home/dudalypas/projects/DudaRims/PROD_cropped/train/Turbine/dSAAAgNpTeA-1920.jpg,Turbine,train,2
/home/dudalypas/projects/DudaRims/PROD_cropped/train/Turbine/3V0601025AL8Z8-FELGA-ALUMINIOWA-18-SKODA.jpg,Turbine,train,0
/home/dudalypas/projects/DudaRims/PROD_cropped/train/Turbine/Turbine_8.jpg,Turbine,train,1
/home/dudalypas/projects/DudaRims/PROD_cropped/train/Turbine/train_Turbine_0094.jpg,Turbine,train,2
/home/dudalypas/projects/DudaRims/PROD_cropped/train/Turbine/i (1).jpg,Turbine,train,0
/home/dudalypas/projects/DudaRims/PROD_cropped/val/Turbine/test_Turbine_0014.jpg,Turbine,val,1
/home/dudalypas/projects/DudaRims/PROD_cropped/train/Turbine/1638740137_68-hdpic-club-p-diskov-shkoda-superb-71.jpg,Turbine,train,2
/home/dudalypas/projects/DudaRims/PROD_cropped/train/Turbine/train_Turbine_0024.jpg,Turbine,train,0
/home/dudalypas/projects/DudaRims/PROD_cropped/val/Turbine/UlfTznMVGSGjRO5d0q5l-8Y14zI-1920.jpg,Turbine,val,1
/home/dudalypas/projects/DudaRims/PROD_cropped/train/Turbine/nhnDU3GLK1LU24EM_VHaqDRGZq8-1920.jpg,Turbine,train,2
/home/dudalypas/projects/DudaRims/PROD_cropped/train/Turbine/sDeYkXSSEdBxMym2Urdsvz9AyFE-960.jpg,Turbine,train,0
/home/dudalypas/projects/DudaRims/PROD_cropped/train/Turbine/zWNjz6oclzSnaiLaltWRiQzTIMo-960.jpg,Turbine,train,1
/home/dudalypas/projects/DudaRims/PROD_cropped/train/Turbine/1029f8ds-1920.jpg,Turbine,train,2
/home/dudalypas/projects/DudaRims/PROD_cropped/train/Turbine/T0EHJ9sujle7pVU-DVpNeH37sGk-960.jpg,Turbine,train,0
/home/dudalypas/projects/DudaRims/PROD_cropped/train/Turbine/Turbine_27.jpg,Turbine,train,1
/home/dudalypas/projects/DudaRims/PROD_cropped/val/Turbine/train_Turbine_0093.jpg,Turbine,val,2
/home/dudalypas/projects/DudaRims/PROD_cropped/train/Turbine/MuBhf80mNDyXyMtyOFY4b248zxEf23OdNs1s7Ef7dx2PdUhPfmwltKm2BMLXqn285wMdDp1k1mh9j2dCMNDBwaTzcm4f4OFrxw8ecDiXeOg5bAtWCVpk26ZabvxF-fUIje5RhqMy_CqkKEwcHPmrqibDTUiJ5oNzpAl4myiDUlX4qSd5D_Uzd5tejHL6FDrh.jpg,Turbine,train,0
/home/dudalypas/projects/DudaRims/PROD_cropped/train/Turbine/train_Turbine_0091.jpg,Turbine,train,1
/home/dudalypas/projects/DudaRims/PROD_cropped/train/Turbine/do1XBHnjZIT9DPnpw-YNn-z-xGA-1920.jpg,Turbine,train,2
/home/dudalypas/projects/DudaRims/PROD_cropped/train/Turbine/train_Turbine_0016.jpg,Turbine,train,0
/home/dudalypas/projects/DudaRims/PROD_cropped/train/Turbine/pvxVPGtmrXb_G3xjbCTMiqOzeu0-960.jpg,Turbine,train,1
/home/dudalypas/projects/DudaRims/PROD_cropped/train/Turbine/5b740a76bd36c02b4c129d92.jpg,Turbine,train,2
/home/dudalypas/projects/DudaRims/PROD_cropped/train/Turbine/JeZBJreib-FLex6a4TQSUltvtjo-960.jpg,Turbine,train,0
/home/dudalypas/projects/DudaRims/PROD_cropped/train/Turbine/Turbine_35.jpg,Turbine,train,1
/home/dudalypas/projects/DudaRims/PROD_cropped/train/Turbine/vQAhHnfK08Lsay6Cr5r4oU47KRg-960.jpg,Turbine,train,2
/home/dudalypas/projects/DudaRims/PROD_cropped/train/Turbine/Turbine_46.jpg,Turbine,train,0
/home/dudalypas/projects/DudaRims/PROD_cropped/train/Turbine/987ef6ds-960.jpg,Turbine,train,1
/home/dudalypas/projects/DudaRims/PROD_cropped/train/Turbine/y7QAAgDTLeA-1920.jpg,Turbine,train,2
/home/dudalypas/projects/DudaRims/PROD_cropped/train/Turbine/M-lbSUDvZ50xiKwao4JQ-JgFUsI-960.jpg,Turbine,train,0
/home/dudalypas/projects/DudaRims/PROD_cropped/train/Turbine/87rYtCXvnbvVHkzqjrcTJI1SbIs-960.jpg,Turbine,train,1
/home/dudalypas/projects/DudaRims/PROD_cropped/val/Turbine/i (2).jpg,Turbine,val,2
/home/dudalypas/projects/DudaRims/PROD_cropped/train/Turbine/P7W9pGGwM7OJ9jScQzoP0mDaQn0-960.jpg,Turbine,train,0
/home/dudalypas/projects/DudaRims/PROD_cropped/train/Turbine/ICAAAgEn9OA-1920.jpg,Turbine,train,1
/home/dudalypas/projects/DudaRims/PROD_cropped/train/Turbine/4.thumb.JPG.916bd804cd4ea6dcd6066a7359614de1.jpg,Turbine,train,2
/home/dudalypas/projects/DudaRims/PROD_cropped/train/Turbine/f12173es-960.jpg,Turbine,train,0
/home/dudalypas/projects/DudaRims/PROD_cropped/train/Turbine/sqAAAgGd6uA-1920.jpg,Turbine,train,1
/home/dudalypas/projects/DudaRims/PROD_cropped/train/Turbine/GQAAAgPoauA-1920.jpg,Turbine,train,2
/home/dudalypas/projects/DudaRims/PROD_cropped/train/Turbine/e7364xencxPXfIMqDTz8Z8vUWqk-1920.jpg,Turbine,train,0
/home/dudalypas/projects/DudaRims/PROD_cropped/val/Turbine/val_Turbine_0021.jpg,Turbine,val,1
/home/dudalypas/projects/DudaRims/PROD_cropped/train/Turbine/5f9aae4606f02_xl.jpg,Turbine,train,2
/home/dudalypas/projects/DudaRims/PROD_cropped/train/Turbine/OUAAAgLI4-A-1920.jpg,Turbine,train,0
/home/dudalypas/projects/DudaRims/PROD_cropped/train/Turbine/Turbine_40.jpg,Turbine,train,1
/home/dudalypas/projects/DudaRims/PROD_cropped/train/Turbine/6f489g4k3f4-960.jpg,Turbine,train,2
/home/dudalypas/projects/DudaRims/PROD_cropped/train/Turbine/USAAAgF_luA-1920.jpg,Turbine,train,0
/home/dudalypas/projects/DudaRims/PROD_cropped/train/Turbine/Turbine_32.jpg,Turbine,train,1
/home/dudalypas/projects/DudaRims/PROD_cropped/train/Turbine/Turbine_18.jpg,Turbine,train,2
/home/dudalypas/projects/DudaRims/PROD_cropped/train/Turbine/Turbine_25.jpg,Turbine,train,0
/home/dudalypas/projects/DudaRims/PROD_cropped/train/Turbine/s-l1200.jpg,Turbine,train,1
/home/dudalypas/projects/DudaRims/PROD_cropped/val/Turbine/3f6b2395405ab468a3b012fbdbd7.jpg,Turbine,val,2
/home/dudalypas/projects/DudaRims/PROD_cropped/train/Turbine/val_Turbine_0011.jpg,Turbine,train,0
/home/dudalypas/projects/DudaRims/PROD_cropped/train/Turbine/Jicx4FPd4LVb04PB6V1hoUKK528-1920.jpg,Turbine,train,1
/home/dudalypas/projects/DudaRims/PROD_cropped/train/Turbine/6bbe84ds-960.jpg,Turbine,train,2
/home/dudalypas/projects/DudaRims/PROD_cropped/train/Vega/hJg1RqtVbmoWQ20EWdo9V2T-I_4-960.jpg,Vega,train,0
/home/dudalypas/projects/DudaRims/PROD_cropped/train/Vega/uQAAAgCwwOA-960.jpg,Vega,train,1
/home/dudalypas/projects/DudaRims/PROD_cropped/train/Vega/3e629fb9-65a1-453e-9c94-b7de56daa3b2_Buyuk.jpg,Vega,train,2
/home/dudalypas/projects/DudaRims/PROD_cropped/train/Vega/6afbe95s-1920.jpg,Vega,train,0
/home/dudalypas/projects/DudaRims/PROD_cropped/train/Vega/99R81cVu2S4_Uzi1GtjFE_YZYlA-960.jpg,Vega,train,1
/home/dudalypas/projects/DudaRims/PROD_cropped/train/Vega/cattouchret.jpg,Vega,train,2
/home/dudalypas/projects/DudaRims/PROD_cropped/train/Vega/n8MyWzvvsy6lRpST8cVAJm8PiD0-1920.jpg,Vega,train,0
/home/dudalypas/projects/DudaRims/PROD_cropped/train/Vega/7YAAAgIek-A-960.jpg,Vega,train,1
/home/dudalypas/projects/DudaRims/PROD_cropped/train/Vega/02c700c3-12cc-46c5-8a6c-53af265a570d_445d7abe-8317-430f-85e3-9a232374e65f.jpg,Vega,train,2
/home/dudalypas/projects/DudaRims/PROD_cropped/train/Vega/YkAAAgJvxOA-1920.jpg,Vega,train,0
/home/dudalypas/projects/DudaRims/PROD_cropped/train/Vega/4080284.jpg,Vega,train,1
/home/dudalypas/projects/DudaRims/PROD_cropped/train/Vega/3GAAAgKk7eA-960.jpg,Vega,train,2
/home/dudalypas/projects/DudaRims/PROD_cropped/train/Vega/1fxlxusvLAVF-YmcWnWXMo2m8yM-960.jpg,Vega,train,0
/home/dudalypas/projects/DudaRims/PROD_cropped/train/Vega/BdAB4GLktjKs4O-VbV1yZk1qxYY-960.jpg,Vega,train,1
/home/dudalypas/projects/DudaRims/PROD_cropped/train/Vega/91c59030-0b99-4073-a510-005c64ddaae7_1a87e2e6-a058-46ee-bcd8-d7b7f31cedba.jpg,Vega,train,2
/home/dudalypas/projects/DudaRims/PROD_cropped/val/Vega/FwAAAgKwwOA-960.jpg,Vega,val,0
/home/dudalypas/projects/DudaRims/PROD_cropped/train/Vega/800_1683966231645f4917a442d.jpg,Vega,train,1
/home/dudalypas/projects/DudaRims/PROD_cropped/train/Vega/2MAAAgMUseA-1920.jpg,Vega,train,2
/home/dudalypas/projects/DudaRims/PROD_cropped/train/Vega/t4nlRAs-nFUayUi8IuMxSK4L93w-960.jpg,Vega,train,0
/home/dudalypas/projects/DudaRims/PROD_cropped/val/Vega/6e8679ds-960.jpg,Vega,val,1
/home/dudalypas/projects/DudaRims/PROD_cropped/train/Vega/9246feds-1920.jpg,Vega,train,2
/home/dudalypas/projects/DudaRims/PROD_cropped/train/Vega/Vega_3.jpg,Vega,train,0
/home/dudalypas/projects/DudaRims/PROD_cropped/train/Vega/skoda_kodiaq_049.jpg,Vega,train,1
/home/dudalypas/projects/DudaRims/PROD_cropped/train/Vega/6hAAAgPvsuA-1920.jpg,Vega,train,2
/home/dudalypas/projects/DudaRims/PROD_cropped/train/Vega/02c700c3-12cc-46c5-8a6c-53af265a570d_5f737ef1-a989-441b-870a-eeb4230b21b3.jpg,Vega,train,0
/home/dudalypas/projects/DudaRims/PROD_cropped/train/Vega/IMG_7833.jpg,Vega,train,1
/home/dudalypas/projects/DudaRims/PROD_cropped/train/Vega/1637888323_64-hdpic-club-p-diski-shkoda-oktaviya-a8-64.jpg,Vega,train,2
/home/dudalypas/projects/DudaRims/PROD_cropped/train/Vega/Screenshot_20190910-125944_1.jpg.4d9af950bccde0debbe1d70743904406.jpg,Vega,train,0
/home/dudalypas/projects/DudaRims/PROD_cropped/train/Vega/1200x900 (1).jpg,Vega,train,1
/home/dudalypas/projects/DudaRims/PROD_cropped/train/Vega/Vega_50.jpg,Vega,train,2
/home/dudalypas/projects/DudaRims/PROD_cropped/train/Vega/opona1.jpg,Vega,train,0
/home/dudalypas/projects/DudaRims/PROD_cropped/val/Vega/11122054.jpg,Vega,val,1
/home/dudalypas/projects/DudaRims/PROD_cropped/train/Vega/c4AAAgAT32A-960.jpg,Vega,train,2
/home/dudalypas/projects/DudaRims/PROD_cropped/train/Vega/G4AAAgH9peA-960.jpg,Vega,train,0
/home/dudalypas/projects/DudaRims/PROD_cropped/train/Vega/6Tanz0eHiemDuo5F5D-LwZ-iRIY-1920.jpg,Vega,train,1
/home/dudalypas/projects/DudaRims/PROD_cropped/train/Vega/ttAAAgL6KuA-960.jpg,Vega,train,2
/home/dudalypas/projects/DudaRims/PROD_cropped/train/Vega/RgAAAgAtPuA-1920.jpg,Vega,train,0
/home/dudalypas/projects/DudaRims/PROD_cropped/train/Vega/kZoC0IPq4crwJnjiNIkEDkDMvLs-1920.jpg,Vega,train,1
/home/dudalypas/projects/DudaRims/PROD_cropped/train/Vega/-rAjhslujJXwZor1UEEKPOHEcuk-960.jpg,Vega,train,2
/home/dudalypas/projects/DudaRims/PROD_cropped/train/Vega/b28679ds-960.jpg,Vega,train,0
/home/dudalypas/projects/DudaRims/PROD_cropped/train/Vega/7fda64f6eaad6ec743909ab38e72d59b.jpg,Vega,train,1
/home/dudalypas/projects/DudaRims/PROD_cropped/train/Vega/wmLgK1_OZOdHQzUPTY2nO096moI-960.jpg,Vega,train,2
/home/dudalypas/projects/DudaRims/PROD_cropped/train/Vega/5d370becdf5340de11771954.jpg,Vega,train,0
/home/dudalypas/projects/DudaRims/PROD_cropped/train/Vega/Vega_10.jpg,Vega,train,1
/home/dudalypas/projects/DudaRims/PROD_cropped/train/Vega/Vega_24.jpg,Vega,train,2
/home/dudalypas/projects/DudaRims/PROD_cropped/train/Vega/6382275640.jpg,Vega,train,0
/home/dudalypas/projects/DudaRims/PROD_cropped/train/Vega/fWAAAgF-teA-1920.jpg,Vega,train,1
/home/dudalypas/projects/DudaRims/PROD_cropped/val/Vega/Vega_40.jpg,Vega,val,2
/home/dudalypas/projects/DudaRims/PROD_cropped/val/Vega/YcAAAgBwAeA-1920.jpg,Vega,val,0
/home/dudalypas/projects/DudaRims/PROD_cropped/train/Vega/6d0bfads-960.jpg,Vega,train,1
/home/dudalypas/projects/DudaRims/PROD_cropped/train/Vega/D8d9GSlIAmQSWggoAiOdW2Iv_Y4-1920.jpg,Vega,train,2
/home/dudalypas/projects/DudaRims/PROD_cropped/train/Vega/skoda-superb-universalas-2020 (1).jpg,Vega,train,0
/home/dudalypas/projects/DudaRims/PROD_cropped/train/Vega/671953166_2159163401535043_5238175084195215703_n.jpg,Vega,train,1
/home/dudalypas/projects/DudaRims/PROD_cropped/train/Vega/Vega_46.jpg,Vega,train,2
/home/dudalypas/projects/DudaRims/PROD_cropped/train/Vega/1200x94400 (2).jpg,Vega,train,0
/home/dudalypas/projects/DudaRims/PROD_cropped/train/Vega/rc_Bd7tCXVuSr0UmJgnh3EwG8os-1920.jpg,Vega,train,1
/home/dudalypas/projects/DudaRims/PROD_cropped/train/Vega/1200x900 (3).jpg,Vega,train,2
/home/dudalypas/projects/DudaRims/PROD_cropped/val/Vega/UKAAAgJp4eA-1920.jpg,Vega,val,0
/home/dudalypas/projects/DudaRims/PROD_cropped/train/Vega/91c59030-0b99-4073-a510-005c64ddaae7_8ae7d3b6-e3a5-4721-87d5-6fdfe5341d73.jpg,Vega,train,1
/home/dudalypas/projects/DudaRims/PROD_cropped/train/Vega/XXL_height.jpg,Vega,train,2
/home/dudalypas/projects/DudaRims/PROD_cropped/train/Vega/Felga-Skoda-Karoq-RS-57A-8-0Jx19H2-Et45-5x112.jpg,Vega,train,0
/home/dudalypas/projects/DudaRims/PROD_cropped/train/Vega/Vega_6.jpg,Vega,train,1
/home/dudalypas/projects/DudaRims/PROD_cropped/train/Vega/UgAAAgD7k-A-1920.jpg,Vega,train,2
/home/dudalypas/projects/DudaRims/PROD_cropped/train/Vega/qGAAAgPH0-A-960.jpg,Vega,train,0
/home/dudalypas/projects/DudaRims/PROD_cropped/train/Vega/Vega_8.jpg,Vega,train,1
/home/dudalypas/projects/DudaRims/PROD_cropped/train/Vega/Vega_39.jpg,Vega,train,2
/home/dudalypas/projects/DudaRims/PROD_cropped/train/Vega/YkbUTmplEZAS-fzkbkujoeViVBs-1920.jpg,Vega,train,0
/home/dudalypas/projects/DudaRims/PROD_cropped/train/Vega/U-ktPy0CQtZMPkjnOK2YoAmXoF0-1920.jpg,Vega,train,1
/home/dudalypas/projects/DudaRims/PROD_cropped/train/Vega/Msb4XLmm_KDmSf2yUtp_F5DQBA4-1920.jpg,Vega,train,2
/home/dudalypas/projects/DudaRims/PROD_cropped/train/Vega/6f59cc04k256-960.jpg,Vega,train,0
/home/dudalypas/projects/DudaRims/PROD_cropped/train/Vega/pclsV7aXCSBa_sslKm3ghY30DSTedAHi3fQJLtjafFWt2mpUs4BkDKiBJE-zhm9LqZ9kRLzyASDS9A.jpg,Vega,train,1
/home/dudalypas/projects/DudaRims/PROD_cropped/train/Vega/Vega_16.jpg,Vega,train,2
/home/dudalypas/projects/DudaRims/PROD_cropped/train/Vega/ea8679ds-1920.jpg,Vega,train,0
/home/dudalypas/projects/DudaRims/PROD_cropped/train/Vega/Vega_54.jpg,Vega,train,1
/home/dudalypas/projects/DudaRims/PROD_cropped/train/Vega/648769689_1960362337884431_5067053692108787833_n.jpg,Vega,train,2
/home/dudalypas/projects/DudaRims/PROD_cropped/train/Vega/b831509s-1920.jpg,Vega,train,0
/home/dudalypas/projects/DudaRims/PROD_cropped/val/Vega/Vega_49.jpg,Vega,val,1
/home/dudalypas/projects/DudaRims/PROD_cropped/val/Vega/OcAAAgJrbeA-960.jpg,Vega,val,2
/home/dudalypas/projects/DudaRims/PROD_cropped/train/Vega/Vega_1.jpg,Vega,train,0
/home/dudalypas/projects/DudaRims/PROD_cropped/train/Vega/7yAAAgF9peA-960.jpg,Vega,train,1
/home/dudalypas/projects/DudaRims/PROD_cropped/val/Vega/gKQhyHMMR7H_UGcUuSFM02Ca_8w-1920.jpg,Vega,val,2
/home/dudalypas/projects/DudaRims/PROD_cropped/train/Vega/KMAAAgGec-A-1920.jpg,Vega,train,0
/home/dudalypas/projects/DudaRims/PROD_cropped/train/Vega/973ea4d9-1fbe-4083-a35b-3706e527ae8c_d63a603a-6acf-4a11-998f-592bc986c5f3.jpg,Vega,train,1
/home/dudalypas/projects/DudaRims/PROD_cropped/train/Vega/Vega_4.jpg,Vega,train,2
/home/dudalypas/projects/DudaRims/PROD_cropped/train/Vega/Vega_17.jpg,Vega,train,0
/home/dudalypas/projects/DudaRims/PROD_cropped/train/Vega/Vega_27.jpg,Vega,train,1
/home/dudalypas/projects/DudaRims/PROD_cropped/train/Vega/wq6RvxlVnULRrcltpcdVj3UyWx0-1920.jpg,Vega,train,2
/home/dudalypas/projects/DudaRims/PROD_cropped/train/Vega/6fkJXnRmUUmuJFamBfBpO_hCzvE-1920.jpg,Vega,train,0
/home/dudalypas/projects/DudaRims/PROD_cropped/train/Vega/skoda-superb-iv-universalas-2020.jpg,Vega,train,1
/home/dudalypas/projects/DudaRims/PROD_cropped/train/Vega/itwOcr2ES2uWY19VJ8coOalK2Qo-960.jpg,Vega,train,2
/home/dudalypas/projects/DudaRims/PROD_cropped/train/Vega/9015c3b9a198dcff88aece4ffe0921eb.jpg,Vega,train,0
/home/dudalypas/projects/DudaRims/PROD_cropped/val/Vega/XL.jpg,Vega,val,1
/home/dudalypas/projects/DudaRims/PROD_cropped/train/Vega/WS_Zd1GcKvJkzi3SwOb_tBeXGIM-1920.jpg,Vega,train,2
/home/dudalypas/projects/DudaRims/PROD_cropped/train/Vega/6f733404k13e-1920.jpg,Vega,train,0
/home/dudalypas/projects/DudaRims/PROD_cropped/train/Vega/p98WtapZGpiCBwrOJjmQqro9B3A-960.jpg,Vega,train,1
/home/dudalypas/projects/DudaRims/PROD_cropped/train/Vega/Vega_45.jpg,Vega,train,2
/home/dudalypas/projects/DudaRims/PROD_cropped/val/Vega/Vega_5.jpg,Vega,val,0
/home/dudalypas/projects/DudaRims/PROD_cropped/train/Vega/1472797196_skoda_kodiaq_prvni_vlastni_seda_14_800_600.jpg,Vega,train,1
/home/dudalypas/projects/DudaRims/PROD_cropped/train/Vega/asjdasjasd.jpg,Vega,train,2
/home/dudalypas/projects/DudaRims/PROD_cropped/train/Vega/Cgc7qh6WecPWKRXPZDJfdTdyIqI-960.jpg,Vega,train,0
/home/dudalypas/projects/DudaRims/PROD_cropped/train/Vega/Vega_19.jpg,Vega,train,1
/home/dudalypas/projects/DudaRims/PROD_cropped/train/Vega/YHRNo_bEsD5WI0FiycUxOMmvHDA-1920.jpg,Vega,train,2
/home/dudalypas/projects/DudaRims/PROD_cropped/train/Vega/i.jpg,Vega,train,0
/home/dudalypas/projects/DudaRims/PROD_cropped/train/Vega/XXL.jpg,Vega,train,1
/home/dudalypas/projects/DudaRims/PROD_cropped/train/Vega/skoda-superb-iv-universalas-2020 (1).jpg,Vega,train,2
/home/dudalypas/projects/DudaRims/PROD_cropped/train/Vega/KN5CcCBFBaVxvHR4OEP6UyrGV3g-960.jpg,Vega,train,0
/home/dudalypas/projects/DudaRims/PROD_cropped/train/Velorum/Velorum_489.jpg,Velorum,train,0
/home/dudalypas/projects/DudaRims/PROD_cropped/train/Velorum/skoda-octavia-20-tdi-automatas-universalas-2020.jpg,Velorum,train,1
/home/dudalypas/projects/DudaRims/PROD_cropped/train/Velorum/Velorum_274.jpg,Velorum,train,2
/home/dudalypas/projects/DudaRims/PROD_cropped/train/Velorum/Velorum_424.jpg,Velorum,train,0
/home/dudalypas/projects/DudaRims/PROD_cropped/train/Velorum/Velorum_223.jpg,Velorum,train,1
/home/dudalypas/projects/DudaRims/PROD_cropped/train/Velorum/Velorum_392.jpg,Velorum,train,2
/home/dudalypas/projects/DudaRims/PROD_cropped/train/Velorum/Velorum_155.jpg,Velorum,train,0
/home/dudalypas/projects/DudaRims/PROD_cropped/train/Velorum/Velorum_164.jpg,Velorum,train,1
/home/dudalypas/projects/DudaRims/PROD_cropped/train/Velorum/Velorum_344.jpg,Velorum,train,2
/home/dudalypas/projects/DudaRims/PROD_cropped/train/Velorum/Velorum_86.jpg,Velorum,train,0
/home/dudalypas/projects/DudaRims/PROD_cropped/train/Velorum/Velorum_107.jpg,Velorum,train,1
/home/dudalypas/projects/DudaRims/PROD_cropped/val/Velorum/Velorum_55.jpg,Velorum,val,2
/home/dudalypas/projects/DudaRims/PROD_cropped/train/Velorum/Velorum_226.jpg,Velorum,train,0
/home/dudalypas/projects/DudaRims/PROD_cropped/train/Velorum/Velorum_33.jpg,Velorum,train,1
/home/dudalypas/projects/DudaRims/PROD_cropped/train/Velorum/Velorum_19.jpg,Velorum,train,2
/home/dudalypas/projects/DudaRims/PROD_cropped/train/Velorum/Velorum_219.jpg,Velorum,train,0
/home/dudalypas/projects/DudaRims/PROD_cropped/train/Velorum/Velorum_451.jpg,Velorum,train,1
/home/dudalypas/projects/DudaRims/PROD_cropped/train/Velorum/Velorum_7.jpg,Velorum,train,2
/home/dudalypas/projects/DudaRims/PROD_cropped/train/Velorum/Velorum_106.jpg,Velorum,train,0
/home/dudalypas/projects/DudaRims/PROD_cropped/train/Velorum/Velorum_77.jpg,Velorum,train,1
/home/dudalypas/projects/DudaRims/PROD_cropped/train/Velorum/Velorum_462.jpg,Velorum,train,2
/home/dudalypas/projects/DudaRims/PROD_cropped/train/Velorum/Velorum_16.jpg,Velorum,train,0
/home/dudalypas/projects/DudaRims/PROD_cropped/train/Velorum/Velorum_442.jpg,Velorum,train,1
/home/dudalypas/projects/DudaRims/PROD_cropped/train/Velorum/skoda-octavia-iii-tdi-universalas-2018 (1).jpg,Velorum,train,2
/home/dudalypas/projects/DudaRims/PROD_cropped/train/Velorum/Velorum_184.jpg,Velorum,train,0
/home/dudalypas/projects/DudaRims/PROD_cropped/train/Velorum/Velorum_11.jpg,Velorum,train,1
/home/dudalypas/projects/DudaRims/PROD_cropped/train/Velorum/Velorum_350.jpg,Velorum,train,2
/home/dudalypas/projects/DudaRims/PROD_cropped/train/Velorum/Velorum_399.jpg,Velorum,train,0
/home/dudalypas/projects/DudaRims/PROD_cropped/train/Velorum/Velorum_42.jpg,Velorum,train,1
/home/dudalypas/projects/DudaRims/PROD_cropped/train/Velorum/Velorum_281.jpg,Velorum,train,2
/home/dudalypas/projects/DudaRims/PROD_cropped/train/Velorum/Velorum_380.jpg,Velorum,train,0
/home/dudalypas/projects/DudaRims/PROD_cropped/train/Velorum/Velorum_377.jpg,Velorum,train,1
/home/dudalypas/projects/DudaRims/PROD_cropped/train/Velorum/Velorum_127.jpg,Velorum,train,2
/home/dudalypas/projects/DudaRims/PROD_cropped/train/Velorum/Velorum_476.jpg,Velorum,train,0
/home/dudalypas/projects/DudaRims/PROD_cropped/train/Velorum/Velorum_298.jpg,Velorum,train,1
/home/dudalypas/projects/DudaRims/PROD_cropped/train/Velorum/Velorum_130.jpg,Velorum,train,2
/home/dudalypas/projects/DudaRims/PROD_cropped/train/Velorum/Velorum_329.jpg,Velorum,train,0
/home/dudalypas/projects/DudaRims/PROD_cropped/train/Velorum/Velorum_37.jpg,Velorum,train,1
/home/dudalypas/projects/DudaRims/PROD_cropped/train/Velorum/Velorum_286.jpg,Velorum,train,2
/home/dudalypas/projects/DudaRims/PROD_cropped/train/Velorum/Velorum_294.jpg,Velorum,train,0
/home/dudalypas/projects/DudaRims/PROD_cropped/val/Velorum/Velorum_432.jpg,Velorum,val,1
/home/dudalypas/projects/DudaRims/PROD_cropped/train/Velorum/Velorum_80.jpg,Velorum,train,2
/home/dudalypas/projects/DudaRims/PROD_cropped/val/Velorum/Velorum_450.jpg,Velorum,val,0
/home/dudalypas/projects/DudaRims/PROD_cropped/train/Velorum/Velorum_475.jpg,Velorum,train,1
/home/dudalypas/projects/DudaRims/PROD_cropped/train/Velorum/Velorum_89.jpg,Velorum,train,2
/home/dudalypas/projects/DudaRims/PROD_cropped/train/Velorum/Velorum_20.jpg,Velorum,train,0
/home/dudalypas/projects/DudaRims/PROD_cropped/train/Velorum/Velorum_485.jpg,Velorum,train,1
/home/dudalypas/projects/DudaRims/PROD_cropped/val/Velorum/Velorum_400.jpg,Velorum,val,2
/home/dudalypas/projects/DudaRims/PROD_cropped/train/Velorum/Velorum_234.jpg,Velorum,train,0
/home/dudalypas/projects/DudaRims/PROD_cropped/train/Velorum/Velorum_17.jpg,Velorum,train,1
/home/dudalypas/projects/DudaRims/PROD_cropped/train/Velorum/Velorum_224.jpg,Velorum,train,2
/home/dudalypas/projects/DudaRims/PROD_cropped/val/Velorum/Velorum_3.jpg,Velorum,val,0
/home/dudalypas/projects/DudaRims/PROD_cropped/val/Velorum/Velorum_181.jpg,Velorum,val,1
/home/dudalypas/projects/DudaRims/PROD_cropped/train/Velorum/Velorum_145.jpg,Velorum,train,2
/home/dudalypas/projects/DudaRims/PROD_cropped/train/Velorum/Velorum_480.jpg,Velorum,train,0
/home/dudalypas/projects/DudaRims/PROD_cropped/train/Velorum/Velorum_199.jpg,Velorum,train,1
/home/dudalypas/projects/DudaRims/PROD_cropped/train/Velorum/Velorum_232.jpg,Velorum,train,2
/home/dudalypas/projects/DudaRims/PROD_cropped/train/Velorum/Velorum_348.jpg,Velorum,train,0
/home/dudalypas/projects/DudaRims/PROD_cropped/train/Velorum/Velorum_152.jpg,Velorum,train,1
/home/dudalypas/projects/DudaRims/PROD_cropped/train/Velorum/Velorum_295.jpg,Velorum,train,2
/home/dudalypas/projects/DudaRims/PROD_cropped/train/Velorum/Velorum_27.jpg,Velorum,train,0
/home/dudalypas/projects/DudaRims/PROD_cropped/train/Velorum/Velorum_150.jpg,Velorum,train,1
/home/dudalypas/projects/DudaRims/PROD_cropped/train/Velorum/Velorum_412.jpg,Velorum,train,2
/home/dudalypas/projects/DudaRims/PROD_cropped/train/Velorum/Velorum_147.jpg,Velorum,train,0
/home/dudalypas/projects/DudaRims/PROD_cropped/train/Velorum/Velorum_195.jpg,Velorum,train,1
/home/dudalypas/projects/DudaRims/PROD_cropped/train/Velorum/Velorum_304.jpg,Velorum,train,2
/home/dudalypas/projects/DudaRims/PROD_cropped/train/Velorum/Velorum_354.jpg,Velorum,train,0
/home/dudalypas/projects/DudaRims/PROD_cropped/train/Velorum/Velorum_132.jpg,Velorum,train,1
/home/dudalypas/projects/DudaRims/PROD_cropped/train/Velorum/Velorum_201.jpg,Velorum,train,2
/home/dudalypas/projects/DudaRims/PROD_cropped/train/Velorum/Velorum_468.jpg,Velorum,train,0
/home/dudalypas/projects/DudaRims/PROD_cropped/train/Velorum/Velorum_96.jpg,Velorum,train,1
/home/dudalypas/projects/DudaRims/PROD_cropped/val/Velorum/Velorum_309.jpg,Velorum,val,2
/home/dudalypas/projects/DudaRims/PROD_cropped/train/Velorum/Velorum_282.jpg,Velorum,train,0
/home/dudalypas/projects/DudaRims/PROD_cropped/train/Velorum/Velorum_244.jpg,Velorum,train,1
/home/dudalypas/projects/DudaRims/PROD_cropped/train/Velorum/Velorum_237.jpg,Velorum,train,2
/home/dudalypas/projects/DudaRims/PROD_cropped/train/Velorum/Velorum_429.jpg,Velorum,train,0
/home/dudalypas/projects/DudaRims/PROD_cropped/train/Velorum/Velorum_338.jpg,Velorum,train,1
/home/dudalypas/projects/DudaRims/PROD_cropped/train/Velorum/Velorum_13.jpg,Velorum,train,2
/home/dudalypas/projects/DudaRims/PROD_cropped/train/Velorum/Velorum_189.jpg,Velorum,train,0
/home/dudalypas/projects/DudaRims/PROD_cropped/train/Velorum/skoda-octavia-universalas-2017.jpg,Velorum,train,1
/home/dudalypas/projects/DudaRims/PROD_cropped/train/Velorum/Velorum_363.jpg,Velorum,train,2
/home/dudalypas/projects/DudaRims/PROD_cropped/val/Velorum/Velorum_330.jpg,Velorum,val,0
/home/dudalypas/projects/DudaRims/PROD_cropped/train/Velorum/Velorum_204.jpg,Velorum,train,1
/home/dudalypas/projects/DudaRims/PROD_cropped/train/Velorum/Velorum_15.jpg,Velorum,train,2
/home/dudalypas/projects/DudaRims/PROD_cropped/train/Velorum/Velorum_92.jpg,Velorum,train,0
/home/dudalypas/projects/DudaRims/PROD_cropped/train/Velorum/Velorum_179.jpg,Velorum,train,1
/home/dudalypas/projects/DudaRims/PROD_cropped/val/Velorum/Velorum_101.jpg,Velorum,val,2
/home/dudalypas/projects/DudaRims/PROD_cropped/train/Velorum/Velorum_326.jpg,Velorum,train,0
/home/dudalypas/projects/DudaRims/PROD_cropped/train/Velorum/Velorum_486.jpg,Velorum,train,1
/home/dudalypas/projects/DudaRims/PROD_cropped/train/Velorum/Velorum_216.jpg,Velorum,train,2
/home/dudalypas/projects/DudaRims/PROD_cropped/train/Velorum/Velorum_177.jpg,Velorum,train,0
/home/dudalypas/projects/DudaRims/PROD_cropped/train/Velorum/Velorum_142.jpg,Velorum,train,1
/home/dudalypas/projects/DudaRims/PROD_cropped/train/Velorum/Velorum_478.jpg,Velorum,train,2
/home/dudalypas/projects/DudaRims/PROD_cropped/train/Velorum/Velorum_157.jpg,Velorum,train,0
/home/dudalypas/projects/DudaRims/PROD_cropped/train/Velorum/Velorum_137.jpg,Velorum,train,1
/home/dudalypas/projects/DudaRims/PROD_cropped/val/Velorum/Velorum_83.jpg,Velorum,val,2
/home/dudalypas/projects/DudaRims/PROD_cropped/train/Velorum/Velorum_481.jpg,Velorum,train,0
/home/dudalypas/projects/DudaRims/PROD_cropped/train/Velorum/Velorum_355.jpg,Velorum,train,1
/home/dudalypas/projects/DudaRims/PROD_cropped/train/Velorum/Velorum_264.jpg,Velorum,train,2
/home/dudalypas/projects/DudaRims/PROD_cropped/train/Velorum/Velorum_68.jpg,Velorum,train,0
/home/dudalypas/projects/DudaRims/PROD_cropped/train/Velorum/Velorum_276.jpg,Velorum,train,1
/home/dudalypas/projects/DudaRims/PROD_cropped/val/Velorum/Velorum_218.jpg,Velorum,val,2
/home/dudalypas/projects/DudaRims/PROD_cropped/train/Velorum/Velorum_159.jpg,Velorum,train,0
/home/dudalypas/projects/DudaRims/PROD_cropped/train/Velorum/Velorum_273.jpg,Velorum,train,1
/home/dudalypas/projects/DudaRims/PROD_cropped/train/Velorum/Velorum_210.jpg,Velorum,train,2
/home/dudalypas/projects/DudaRims/PROD_cropped/train/Velorum/Velorum_12.jpg,Velorum,train,0
/home/dudalypas/projects/DudaRims/PROD_cropped/train/Velorum/Velorum_484.jpg,Velorum,train,1
/home/dudalypas/projects/DudaRims/PROD_cropped/train/Velorum/Velorum_325.jpg,Velorum,train,2
/home/dudalypas/projects/DudaRims/PROD_cropped/train/Velorum/Velorum_239.jpg,Velorum,train,0
/home/dudalypas/projects/DudaRims/PROD_cropped/train/Velorum/Velorum_277.jpg,Velorum,train,1
/home/dudalypas/projects/DudaRims/PROD_cropped/train/Velorum/Velorum_109.jpg,Velorum,train,2
/home/dudalypas/projects/DudaRims/PROD_cropped/train/Velorum/Velorum_490.jpg,Velorum,train,0
/home/dudalypas/projects/DudaRims/PROD_cropped/train/Velorum/Ratikon_28.jpg,Velorum,train,1
/home/dudalypas/projects/DudaRims/PROD_cropped/train/Velorum/Velorum_196.jpg,Velorum,train,2
/home/dudalypas/projects/DudaRims/PROD_cropped/train/Velorum/Velorum_396.jpg,Velorum,train,0
/home/dudalypas/projects/DudaRims/PROD_cropped/train/Velorum/Velorum_72.jpg,Velorum,train,1
/home/dudalypas/projects/DudaRims/PROD_cropped/train/Velorum/Velorum_370.jpg,Velorum,train,2
/home/dudalypas/projects/DudaRims/PROD_cropped/train/Velorum/Velorum_436.jpg,Velorum,train,0
/home/dudalypas/projects/DudaRims/PROD_cropped/train/Velorum/Velorum_474.jpg,Velorum,train,1
/home/dudalypas/projects/DudaRims/PROD_cropped/train/Velorum/Velorum_59.jpg,Velorum,train,2
/home/dudalypas/projects/DudaRims/PROD_cropped/train/Velorum/Velorum_143.jpg,Velorum,train,0
/home/dudalypas/projects/DudaRims/PROD_cropped/train/Velorum/Velorum_70.jpg,Velorum,train,1
/home/dudalypas/projects/DudaRims/PROD_cropped/train/Velorum/Velorum_116.jpg,Velorum,train,2
/home/dudalypas/projects/DudaRims/PROD_cropped/train/Velorum/Velorum_125.jpg,Velorum,train,0
/home/dudalypas/projects/DudaRims/PROD_cropped/train/Velorum/Velorum_300.jpg,Velorum,train,1
/home/dudalypas/projects/DudaRims/PROD_cropped/train/Velorum/Velorum_34.jpg,Velorum,train,2
/home/dudalypas/projects/DudaRims/PROD_cropped/train/Velorum/Velorum_487.jpg,Velorum,train,0
/home/dudalypas/projects/DudaRims/PROD_cropped/train/Velorum/Velorum_136.jpg,Velorum,train,1
/home/dudalypas/projects/DudaRims/PROD_cropped/train/Velorum/Velorum_78.jpg,Velorum,train,2
/home/dudalypas/projects/DudaRims/PROD_cropped/train/Velorum/Velorum_154.jpg,Velorum,train,0
/home/dudalypas/projects/DudaRims/PROD_cropped/train/Velorum/Velorum_148.jpg,Velorum,train,1
/home/dudalypas/projects/DudaRims/PROD_cropped/train/Velorum/Velorum_73.jpg,Velorum,train,2
/home/dudalypas/projects/DudaRims/PROD_cropped/train/Velorum/Velorum_305.jpg,Velorum,train,0
/home/dudalypas/projects/DudaRims/PROD_cropped/train/Velorum/Velorum_61.jpg,Velorum,train,1
/home/dudalypas/projects/DudaRims/PROD_cropped/train/Velorum/Velorum_454.jpg,Velorum,train,2
/home/dudalypas/projects/DudaRims/PROD_cropped/train/Velorum/Velorum_332.jpg,Velorum,train,0
/home/dudalypas/projects/DudaRims/PROD_cropped/train/Velorum/Velorum_121.jpg,Velorum,train,1
/home/dudalypas/projects/DudaRims/PROD_cropped/train/Velorum/Velorum_249.jpg,Velorum,train,2
/home/dudalypas/projects/DudaRims/PROD_cropped/train/Velorum/Velorum_285.jpg,Velorum,train,0
/home/dudalypas/projects/DudaRims/PROD_cropped/train/Velorum/Velorum_317.jpg,Velorum,train,1
/home/dudalypas/projects/DudaRims/PROD_cropped/train/Velorum/Velorum_122.jpg,Velorum,train,2
/home/dudalypas/projects/DudaRims/PROD_cropped/train/Velorum/Velorum_342.jpg,Velorum,train,0
/home/dudalypas/projects/DudaRims/PROD_cropped/train/Velorum/Velorum_57.jpg,Velorum,train,1
/home/dudalypas/projects/DudaRims/PROD_cropped/train/Velorum/Velorum_375.jpg,Velorum,train,2
/home/dudalypas/projects/DudaRims/PROD_cropped/train/Velorum/Velorum_172.jpg,Velorum,train,0
/home/dudalypas/projects/DudaRims/PROD_cropped/train/Velorum/Velorum_452.jpg,Velorum,train,1
/home/dudalypas/projects/DudaRims/PROD_cropped/train/Velorum/Velorum_369.jpg,Velorum,train,2
/home/dudalypas/projects/DudaRims/PROD_cropped/train/Velorum/Velorum_414.jpg,Velorum,train,0
/home/dudalypas/projects/DudaRims/PROD_cropped/train/Velorum/Velorum_95.jpg,Velorum,train,1
/home/dudalypas/projects/DudaRims/PROD_cropped/train/Velorum/Velorum_482.jpg,Velorum,train,2
/home/dudalypas/projects/DudaRims/PROD_cropped/train/Velorum/Velorum_275.jpg,Velorum,train,0
/home/dudalypas/projects/DudaRims/PROD_cropped/train/Velorum/Velorum_262.jpg,Velorum,train,1
/home/dudalypas/projects/DudaRims/PROD_cropped/train/Velorum/Velorum_346.jpg,Velorum,train,2
/home/dudalypas/projects/DudaRims/PROD_cropped/train/Velorum/Velorum_22.jpg,Velorum,train,0
/home/dudalypas/projects/DudaRims/PROD_cropped/val/Velorum/Velorum_241.jpg,Velorum,val,1
/home/dudalypas/projects/DudaRims/PROD_cropped/train/Velorum/Velorum_200.jpg,Velorum,train,2
/home/dudalypas/projects/DudaRims/PROD_cropped/train/Velorum/Velorum_4.jpg,Velorum,train,0
/home/dudalypas/projects/DudaRims/PROD_cropped/train/Velorum/Velorum_341.jpg,Velorum,train,1
/home/dudalypas/projects/DudaRims/PROD_cropped/train/Velorum/Velorum_93.jpg,Velorum,train,2
/home/dudalypas/projects/DudaRims/PROD_cropped/val/Velorum/Velorum_66.jpg,Velorum,val,0
/home/dudalypas/projects/DudaRims/PROD_cropped/train/Velorum/Velorum_225.jpg,Velorum,train,1
/home/dudalypas/projects/DudaRims/PROD_cropped/train/Velorum/Velorum_349.jpg,Velorum,train,2
/home/dudalypas/projects/DudaRims/PROD_cropped/train/Velorum/Velorum_140.jpg,Velorum,train,0
/home/dudalypas/projects/DudaRims/PROD_cropped/val/Velorum/Velorum_158.jpg,Velorum,val,1
/home/dudalypas/projects/DudaRims/PROD_cropped/train/Velorum/Velorum_395.jpg,Velorum,train,2
/home/dudalypas/projects/DudaRims/PROD_cropped/train/Velorum/Velorum_345.jpg,Velorum,train,0
/home/dudalypas/projects/DudaRims/PROD_cropped/train/Velorum/Velorum_365.jpg,Velorum,train,1
/home/dudalypas/projects/DudaRims/PROD_cropped/train/Velorum/Velorum_322.jpg,Velorum,train,2
/home/dudalypas/projects/DudaRims/PROD_cropped/train/Velorum/Velorum_419.jpg,Velorum,train,0
/home/dudalypas/projects/DudaRims/PROD_cropped/train/Velorum/Velorum_315.jpg,Velorum,train,1
/home/dudalypas/projects/DudaRims/PROD_cropped/train/Velorum/skoda-octavia-iii-tdi-universalas-2018.jpg,Velorum,train,2
/home/dudalypas/projects/DudaRims/PROD_cropped/train/Velorum/Velorum_495.jpg,Velorum,train,0
/home/dudalypas/projects/DudaRims/PROD_cropped/train/Velorum/Velorum_207.jpg,Velorum,train,1
/home/dudalypas/projects/DudaRims/PROD_cropped/train/Velorum/Velorum_259.jpg,Velorum,train,2
/home/dudalypas/projects/DudaRims/PROD_cropped/train/Velorum/Velorum_156.jpg,Velorum,train,0
/home/dudalypas/projects/DudaRims/PROD_cropped/train/Velorum/Velorum_364.jpg,Velorum,train,1
/home/dudalypas/projects/DudaRims/PROD_cropped/train/Velorum/Velorum_81.jpg,Velorum,train,2
/home/dudalypas/projects/DudaRims/PROD_cropped/train/Velorum/Velorum_240.jpg,Velorum,train,0
/home/dudalypas/projects/DudaRims/PROD_cropped/train/Xtreme/585f432s-960.jpg,Xtreme,train,0
/home/dudalypas/projects/DudaRims/PROD_cropped/val/Xtreme/34d17c65-f9ec-4f08-86eb-57401c8423b5.jpg,Xtreme,val,1
/home/dudalypas/projects/DudaRims/PROD_cropped/train/Xtreme/Xtreme_12.jpg,Xtreme,train,2
/home/dudalypas/projects/DudaRims/PROD_cropped/train/Xtreme/fa7555cs-960.jpg,Xtreme,train,0
/home/dudalypas/projects/DudaRims/PROD_cropped/train/Xtreme/2109cecs-960.jpg,Xtreme,train,1
/home/dudalypas/projects/DudaRims/PROD_cropped/val/Xtreme/iAAAAgPLbeA-1920.jpg,Xtreme,val,2
/home/dudalypas/projects/DudaRims/PROD_cropped/val/Xtreme/14d-anvUNaNfaqV0QDLgyotBgpM-960.jpg,Xtreme,val,0
/home/dudalypas/projects/DudaRims/PROD_cropped/train/Xtreme/DwAAAgNPY-A-1920.jpg,Xtreme,train,1
/home/dudalypas/projects/DudaRims/PROD_cropped/train/Xtreme/8ODGy25TvTs.jpg,Xtreme,train,2
/home/dudalypas/projects/DudaRims/PROD_cropped/train/Xtreme/YerruHgo_F0Prx-bvQlSt6e7E2c-960.jpg,Xtreme,train,0
/home/dudalypas/projects/DudaRims/PROD_cropped/train/Xtreme/I-S0PcWjT7F_rydjnpsJSNMXnn8-960.jpg,Xtreme,train,1
/home/dudalypas/projects/DudaRims/PROD_cropped/train/Xtreme/Xtreme_4.jpg,Xtreme,train,2
/home/dudalypas/projects/DudaRims/PROD_cropped/train/Xtreme/032c92602ab788078600b1cfe8ac7a4f.jpg,Xtreme,train,0
/home/dudalypas/projects/DudaRims/PROD_cropped/train/Xtreme/SNCD95rVsYGIM-qj3Y2HCo0siio-960.jpg,Xtreme,train,1
/home/dudalypas/projects/DudaRims/PROD_cropped/train/Xtreme/bSAAAgBgPuA-1920.jpg,Xtreme,train,2
/home/dudalypas/projects/DudaRims/PROD_cropped/train/Xtreme/DUAAAgOwUOA-1920.jpg,Xtreme,train,0
/home/dudalypas/projects/DudaRims/PROD_cropped/train/Xtreme/7559089dae5f930282b929d66a417814.jpg,Xtreme,train,1
/home/dudalypas/projects/DudaRims/PROD_cropped/train/Xtreme/85bf2b8d-skoda-kodiaq-rs-4.jpg,Xtreme,train,2
/home/dudalypas/projects/DudaRims/PROD_cropped/val/Xtreme/TwAAAgLYA-A-1920.jpg,Xtreme,val,0
/home/dudalypas/projects/DudaRims/PROD_cropped/train/Xtreme/Photo1.jpg,Xtreme,train,1
/home/dudalypas/projects/DudaRims/PROD_cropped/train/Xtreme/111.jpg,Xtreme,train,2
/home/dudalypas/projects/DudaRims/PROD_cropped/val/Xtreme/4a0683e9dea30cff9e6c476b82b0e3f3.jpg,Xtreme,val,0
/home/dudalypas/projects/DudaRims/PROD_cropped/train/Xtreme/Xtreme_5.jpg,Xtreme,train,1
/home/dudalypas/projects/DudaRims/PROD_cropped/val/Xtreme/a1ea48cs-960.jpg,Xtreme,val,2
/home/dudalypas/projects/DudaRims/PROD_cropped/train/Xtreme/af235ccs-960.jpg,Xtreme,train,0
/home/dudalypas/projects/DudaRims/PROD_cropped/train/Xtreme/hjPMDLJHv2-DdoOQnzAn9BFjeN8-960.jpg,Xtreme,train,1
/home/dudalypas/projects/DudaRims/PROD_cropped/train/Xtreme/73461d2s-960.jpg,Xtreme,train,2
/home/dudalypas/projects/DudaRims/PROD_cropped/train/Xtreme/c0d9d834-5a67-4a4c-8218-c0f7d71a18d2_6f9460d5-37a5-4108-8151-6399dc59c60c.jpg,Xtreme,train,0
/home/dudalypas/projects/DudaRims/PROD_cropped/train/Xtreme/IaAAAgF-quA-960.jpg,Xtreme,train,1
/home/dudalypas/projects/DudaRims/PROD_cropped/train/Xtreme/dSAAAgBgPuA-960.jpg,Xtreme,train,2
/home/dudalypas/projects/DudaRims/PROD_cropped/train/Xtreme/d6ea48cs-960.jpg,Xtreme,train,0
/home/dudalypas/projects/DudaRims/PROD_cropped/train/Xtreme/NKAAAgPlF-A-960.jpg,Xtreme,train,1
/home/dudalypas/projects/DudaRims/PROD_cropped/val/Xtreme/i.jpg,Xtreme,val,2
/home/dudalypas/projects/DudaRims/PROD_cropped/train/Xtreme/2a17172s-960.jpg,Xtreme,train,0
/home/dudalypas/projects/DudaRims/PROD_cropped/train/Xtreme/93b9b65146c38500af3729ce555e.jpg,Xtreme,train,1
/home/dudalypas/projects/DudaRims/PROD_cropped/train/Xtreme/LMAAAgIB_OA-960.jpg,Xtreme,train,2
/home/dudalypas/projects/DudaRims/PROD_cropped/train/Xtreme/RwAAAgGMauA-1920.jpg,Xtreme,train,0
/home/dudalypas/projects/DudaRims/PROD_cropped/val/Xtreme/ceaadf4s-960.jpg,Xtreme,val,1
/home/dudalypas/projects/DudaRims/PROD_cropped/train/Xtreme/a41g74s-960.jpg,Xtreme,train,2
/home/dudalypas/projects/DudaRims/PROD_cropped/train/Xtreme/c6b1c09s-960.jpg,Xtreme,train,0
/home/dudalypas/projects/DudaRims/PROD_cropped/train/Xtreme/Xtreme_47.jpg,Xtreme,train,1
/home/dudalypas/projects/DudaRims/PROD_cropped/val/Xtreme/Xtreme_46.jpg,Xtreme,val,2
/home/dudalypas/projects/DudaRims/PROD_cropped/train/Xtreme/110bfaas-960.jpg,Xtreme,train,0
/home/dudalypas/projects/DudaRims/PROD_cropped/train/Xtreme/GQAAAgP-ZeA-1920.jpg,Xtreme,train,1
/home/dudalypas/projects/DudaRims/PROD_cropped/train/Xtreme/iiAAAgM6fuA-1920.jpg,Xtreme,train,2
/home/dudalypas/projects/DudaRims/PROD_cropped/train/Xtreme/l4AAAgFrquA-960.jpg,Xtreme,train,0
/home/dudalypas/projects/DudaRims/PROD_cropped/train/Xtreme/B0AAAgCZbeA-1920.jpg,Xtreme,train,1
/home/dudalypas/projects/DudaRims/PROD_cropped/train/Xtreme/Xtreme_40.jpg,Xtreme,train,2
/home/dudalypas/projects/DudaRims/PROD_cropped/train/Xtreme/1200x900n.jpg,Xtreme,train,0
/home/dudalypas/projects/DudaRims/PROD_cropped/train/Xtreme/aEAAAgJ18uA-960.jpg,Xtreme,train,1
/home/dudalypas/projects/DudaRims/PROD_cropped/train/Xtreme/Xtreme_8.jpg,Xtreme,train,2
/home/dudalypas/projects/DudaRims/PROD_cropped/train/Xtreme/f469a0cs-960.jpg,Xtreme,train,0
/home/dudalypas/projects/DudaRims/PROD_cropped/val/Xtreme/KuAAAgK3TeA-960.jpg,Xtreme,val,1
/home/dudalypas/projects/DudaRims/PROD_cropped/train/Xtreme/pk7Kuiu0WCKTEwWRKrad7_8S2ko-960.jpg,Xtreme,train,2
/home/dudalypas/projects/DudaRims/PROD_cropped/train/Xtreme/FaZOuZA-GmEh1mFaNCaSVpYlfQ8-960.jpg,Xtreme,train,0
/home/dudalypas/projects/DudaRims/PROD_cropped/train/Xtreme/CYUsx5pLZlI4C2lAszj9uC6STmo-960.jpg,Xtreme,train,1
/home/dudalypas/projects/DudaRims/PROD_cropped/val/Xtreme/BAAAAgFrquA-960.jpg,Xtreme,val,2
/home/dudalypas/projects/DudaRims/PROD_cropped/train/Xtreme/4936b76s-960.jpg,Xtreme,train,0
/home/dudalypas/projects/DudaRims/PROD_cropped/train/Xtreme/bk6Zq_5KzpC4326MThFlEyTcst1RgtTgaSuUNmkk7CgnQm-LdtCec3H1P2BRQca_FoyvYPFIrrA69LPiTMw8ZBta3KqbTv_0HWoPre-U4MeRmBM4sFYFFRmZIxRqZ48r9TQsmRUEejdEBOvENzdGShYeS2aWzrsR_TCTV3iburP_XJspH1nfF_jubqkPkBeyZG.jpg,Xtreme,train,1
/home/dudalypas/projects/DudaRims/PROD_cropped/val/Xtreme/030424027.jpg,Xtreme,val,2
/home/dudalypas/projects/DudaRims/PROD_cropped/train/Xtreme/1621676867879_bulletin.jpg,Xtreme,train,0
/home/dudalypas/projects/DudaRims/PROD_cropped/val/Xtreme/1200x900.jpg,Xtreme,val,1
/home/dudalypas/projects/DudaRims/PROD_cropped/train/Xtreme/FELGA-SKODA-KODIAQ-RS-VRS-565-8x20-ET41-5x112-565601025AE-AF-XTREME-398.jpg,Xtreme,train,2
/home/dudalypas/projects/DudaRims/PROD_cropped/train/Xtreme/maxresdefault (1).jpg,Xtreme,train,0
/home/dudalypas/projects/DudaRims/PROD_cropped/train/Xtreme/4cf0c0as-960.jpg,Xtreme,train,1
/home/dudalypas/projects/DudaRims/PROD_cropped/train/Xtreme/IcYttcVG_ZGpRxbSiISWNdHP4mU-960.jpg,Xtreme,train,2
/home/dudalypas/projects/DudaRims/PROD_cropped/train/Xtreme/4642caes-960.jpg,Xtreme,train,0
/home/dudalypas/projects/DudaRims/PROD_cropped/val/Xtreme/6GAAAgIn0uA-1920.jpg,Xtreme,val,1
/home/dudalypas/projects/DudaRims/PROD_cropped/train/Xtreme/b7e1412s-960.jpg,Xtreme,train,2
/home/dudalypas/projects/DudaRims/PROD_cropped/train/Xtreme/3-1024x576.jpg,Xtreme,train,0
/home/dudalypas/projects/DudaRims/PROD_cropped/train/Xtreme/t2AAAgNJEuA-960.jpg,Xtreme,train,1
/home/dudalypas/projects/DudaRims/PROD_cropped/train/Xtreme/FELGI-SKODA-OCTAVIA-3-RS-VRS-5E-7-5x19-5E0601025AH-Odsadzenie-ET-51.jpg,Xtreme,train,2
/home/dudalypas/projects/DudaRims/PROD_cropped/train/Xtreme/d85f432s-960.jpg,Xtreme,train,0
/home/dudalypas/projects/DudaRims/PROD_cropped/train/Xtreme/FELGI-SKODA-OCTAVIA-3-RS-VRS-5E-7-5x19-5E0601025AH-Rozstaw-srub-5x112.jpg,Xtreme,train,1
/home/dudalypas/projects/DudaRims/PROD_cropped/train/Xtreme/b678b62s-960.jpg,Xtreme,train,2
/home/dudalypas/projects/DudaRims/PROD_cropped/train/Xtreme/Xtreme_32.jpg,Xtreme,train,0
/home/dudalypas/projects/DudaRims/PROD_cropped/train/Xtreme/b81de4cs-960.jpg,Xtreme,train,1
/home/dudalypas/projects/DudaRims/PROD_cropped/train/Xtreme/BeXCBIGMpvvGygdR46FI5FwVvXw-1920.jpg,Xtreme,train,2
/home/dudalypas/projects/DudaRims/PROD_cropped/train/Xtreme/YQAAAgOGTeA-960.jpg,Xtreme,train,0
/home/dudalypas/projects/DudaRims/PROD_cropped/train/Xtreme/Xtreme_2.jpg,Xtreme,train,1
/home/dudalypas/projects/DudaRims/PROD_cropped/val/Xtreme/FELGI-SKODA-OCTAVIA-3-RS-VRS-5E-7-5x19-5E0601025AH-Producent-felg-Skoda-OE.jpg,Xtreme,val,2
/home/dudalypas/projects/DudaRims/PROD_cropped/train/Xtreme/Xtreme_3.jpg,Xtreme,train,0
/home/dudalypas/projects/DudaRims/PROD_cropped/train/Xtreme/f136b76s-1920.jpg,Xtreme,train,1
/home/dudalypas/projects/DudaRims/PROD_cropped/train/Xtreme/joAAAgAKZOA-1920.jpg,Xtreme,train,2
/home/dudalypas/projects/DudaRims/PROD_cropped/train/Xtreme/056f1058-78f6-4785-bc1e-d5d9e39434a3_d5840952-84a0-4516-9133-caf1415aad85.jpg,Xtreme,train,0
/home/dudalypas/projects/DudaRims/PROD_cropped/train/Xtreme/60d9375d-57ee-4d4f-b44c-eb87398bfe90_693432b2-4ade-4ae7-a6b1-1e4dbb05603a.jpg,Xtreme,train,1
/home/dudalypas/projects/DudaRims/PROD_cropped/train/Xtreme/20220308_172823.jpg.ee969fb335f87c58b35729675cda4ca0.jpg,Xtreme,train,2
/home/dudalypas/projects/DudaRims/PROD_cropped/val/Xtreme/skoda-extreme-19-original-slika-231802661.jpg,Xtreme,val,0
/home/dudalypas/projects/DudaRims/PROD_cropped/train/Xtreme/056f1058-78f6-4785-bc1e-d5d9e39434a3_93cb6566-14de-41a8-a125-9efab71358e7.jpg,Xtreme,train,1
/home/dudalypas/projects/DudaRims/PROD_cropped/train/Xtreme/1635306555348_bulletin.jpg,Xtreme,train,2
/home/dudalypas/projects/DudaRims/PROD_cropped/train/Xtreme/rXhPtwIVJzSVksQM58hPnoTtjbk-960.jpg,Xtreme,train,0
/home/dudalypas/projects/DudaRims/PROD_cropped/train/Xtreme/1753246684535_brief2x.jpg,Xtreme,train,1
/home/dudalypas/projects/DudaRims/PROD_cropped/train/Xtreme/TMAAAgIB_OA-960.jpg,Xtreme,train,2
/home/dudalypas/projects/DudaRims/PROD_cropped/train/Xtreme/tsAAAgPxuOA-1920.jpg,Xtreme,train,0
/home/dudalypas/projects/DudaRims/PROD_cropped/train/Xtreme/5af56650d6d2200cc1d5d92a.jpg,Xtreme,train,1
/home/dudalypas/projects/DudaRims/PROD_cropped/train/Xtreme/Xtreme_44.jpg,Xtreme,train,2
/home/dudalypas/projects/DudaRims/PROD_cropped/train/Xtreme/JobU_vPQuzThxLBb47k2BiVGADo-960.jpg,Xtreme,train,0
/home/dudalypas/projects/DudaRims/PROD_cropped/train/Xtreme/Xtreme_49.jpg,Xtreme,train,1
/home/dudalypas/projects/DudaRims/PROD_cropped/train/Xtreme/PaAAAgHHTeA-1920.jpg,Xtreme,train,2
/home/dudalypas/projects/DudaRims/PROD_cropped/train/Xtreme/uEAAAgNrquA-960.jpg,Xtreme,train,0
/home/dudalypas/projects/DudaRims/PROD_cropped/train/Xtreme/piAAAgDMBuA-960.jpg,Xtreme,train,1
/home/dudalypas/projects/DudaRims/PROD_cropped/train/Xtreme/asdasdsd.jpg,Xtreme,train,2
/home/dudalypas/projects/DudaRims/PROD_cropped/train/Xtreme/a49d342s-1920.jpg,Xtreme,train,0
/home/dudalypas/projects/DudaRims/PROD_cropped/train/Xtreme/cattouchret.jpg,Xtreme,train,1
/home/dudalypas/projects/DudaRims/PROD_cropped/train/Xtreme/869d342s-1920.jpg,Xtreme,train,2
/home/dudalypas/projects/DudaRims/PROD_cropped/train/Xtreme/GbSkbtJeSpTSQiOjbS_X4TAhR7Y-1920.jpg,Xtreme,train,0
/home/dudalypas/projects/DudaRims/PROD_cropped/train/Xtreme/Xtreme_24.jpg,Xtreme,train,1
/home/dudalypas/projects/DudaRims/PROD_cropped/train/Xtreme/Xtreme_27.jpg,Xtreme,train,2
/home/dudalypas/projects/DudaRims/PROD_cropped/train/Xtreme/100724065.jpg,Xtreme,train,0
/home/dudalypas/projects/DudaRims/PROD_cropped/train/Xtreme/5YqjfdJEZ62Zc_w68PgEUFu048c-1920.jpg,Xtreme,train,1
/home/dudalypas/projects/DudaRims/PROD_cropped/train/Xtreme/_EAAAgDPiOA-960.jpg,Xtreme,train,2
/home/dudalypas/projects/DudaRims/PROD_cropped/train/Xtreme/FgAAAgOy8eA-960.jpg,Xtreme,train,0
/home/dudalypas/projects/DudaRims/PROD_cropped/train/Xtreme/c3af2a5s-1920.jpg,Xtreme,train,1
/home/dudalypas/projects/DudaRims/PROD_cropped/train/Xtreme/e4cabf68a791865728698636a272de87.jpg,Xtreme,train,2
